611 625
1 3 76
2 14 9
3 4 92
4 5 40
5 6 61
6 7 70
7 8 62
8 9 47
9 10 84
10 11 46
11 12 63
12 13 41
13 14 60
14 15 89
15 16 67
16 17 87
17 18 24
18 19 34
19 20 61
20 21 10
21 22 40
22 23 67
23 24 56
24 25 37
25 26 91
26 27 34
27 28 65
28 29 76
29 30 30
30 31 8
31 32 55
32 33 12
33 34 40
34 35 7
35 36 20
36 37 66
37 38 38
38 39 75
39 40 50
3 40 40
26 58 2
41 43 44
42 46 46
43 44 3
44 45 56
45 46 55
46 47 63
47 48 17
48 49 74
49 50 39
50 51 81
51 52 95
52 53 77
53 54 57
54 55 48
55 56 99
56 57 39
57 58 24
58 59 2
59 60 35
60 61 20
61 62 71
62 63 37
63 64 18
64 65 16
65 66 3
66 67 49
67 68 67
68 69 68
69 70 49
70 71 79
71 72 19
72 73 61
43 73 86
30 88 28
74 76 62
75 76 50
76 77 37
77 78 57
78 79 79
79 80 41
80 81 97
81 82 60
82 83 75
83 84 64
84 85 46
85 86 37
86 87 84
87 88 16
88 89 20
89 90 51
90 91 52
91 92 63
92 93 59
93 94 26
94 95 81
95 96 61
96 97 84
97 98 57
98 99 80
99 100 1
100 101 8
101 102 54
102 103 66
103 104 26
104 105 13
105 106 40
106 107 86
107 108 70
76 108 29
45 115 21
109 111 20
110 127 12
111 112 11
112 113 31
113 114 4
114 115 60
115 116 24
116 117 70
117 118 29
118 119 3
119 120 82
120 121 25
121 122 6
122 123 76
123 124 9
124 125 88
125 126 16
126 127 41
127 128 64
111 128 36
14 152 35
129 130 75
129 131 1
129 132 31
129 133 26
129 134 83
129 135 48
129 136 66
129 137 71
129 138 52
129 139 98
129 140 64
129 141 46
129 142 18
129 143 57
129 144 64
130 145 83
130 146 85
130 147 50
130 148 35
130 149 53
130 150 40
130 151 94
130 152 9
130 153 47
130 154 4
130 155 83
130 156 22
130 157 64
130 158 23
130 159 42
131 160 42
114 191 95
161 163 45
162 163 83
163 164 42
164 165 6
165 166 12
166 167 58
167 168 51
168 169 49
169 170 60
170 171 92
171 172 73
172 173 79
173 174 12
174 175 100
175 176 15
176 177 66
177 178 75
178 179 26
179 180 53
180 181 71
181 182 8
182 183 54
183 184 77
184 185 76
185 186 54
186 187 56
187 188 25
188 189 81
189 190 24
190 191 41
163 191 27
147 193 46
192 194 12
193 213 19
194 195 59
195 196 22
196 197 16
197 198 75
198 199 56
199 200 92
200 201 39
201 202 93
202 203 35
203 204 26
204 205 6
205 206 65
206 207 17
207 208 45
208 209 63
209 210 62
210 211 82
211 212 44
212 213 17
213 214 88
214 215 22
215 216 52
194 216 49
83 239 58
217 219 55
218 219 71
219 220 57
220 221 82
221 222 63
222 223 95
223 224 49
224 225 28
225 226 60
226 227 21
227 228 36
228 229 8
229 230 50
230 231 60
231 232 17
232 233 5
233 234 60
234 235 38
235 236 68
236 237 90
237 238 34
238 239 69
239 240 29
240 241 81
241 242 49
242 243 77
243 244 58
244 245 22
245 246 45
246 247 1
247 248 62
219 248 77
142 267 92
249 250 45
249 251 82
249 252 32
249 253 49
249 254 29
249 255 81
249 256 98
249 257 50
249 258 25
249 259 60
249 260 51
249 261 28
249 262 58
249 263 50
249 264 78
249 265 29
249 266 18
250 267 51
250 268 79
250 269 48
250 270 48
250 271 53
250 272 44
250 273 82
250 274 65
149 284 7
275 276 57
275 277 18
275 278 61
275 279 80
275 280 23
275 281 53
275 282 58
275 283 13
275 284 28
275 285 76
275 286 6
275 287 25
275 288 91
275 289 45
275 290 58
276 291 71
276 292 23
276 293 65
276 294 68
276 295 71
276 296 53
276 297 94
276 298 97
276 299 31
276 300 72
276 301 54
276 302 71
276 303 24
276 304 8
276 305 56
277 306 96
277 307 48
277 308 39
277 309 92
277 310 94
277 311 33
238 312 51
312 314 81
313 318 51
314 315 94
315 316 18
316 317 70
317 318 78
318 319 64
319 320 62
320 321 43
321 322 52
322 323 2
323 324 57
324 325 100
325 326 33
326 327 49
327 328 79
328 329 10
329 330 89
330 331 49
331 332 83
332 333 37
333 334 1
334 335 52
335 336 42
336 337 3
337 338 36
338 339 2
314 339 72
289 344 3
340 342 18
341 360 31
342 343 27
343 344 79
344 345 28
345 346 38
346 347 81
347 348 33
348 349 49
349 350 76
350 351 57
351 352 25
352 353 41
353 354 31
354 355 28
355 356 58
356 357 50
357 358 74
358 359 49
359 360 55
360 361 41
361 362 50
362 363 4
363 364 33
364 365 76
342 365 17
254 383 2
366 368 60
367 373 32
368 369 96
369 370 77
370 371 26
371 372 76
372 373 3
373 374 88
374 375 7
375 376 19
376 377 43
377 378 14
378 379 82
379 380 77
380 381 6
381 382 29
382 383 73
383 384 74
384 385 75
368 385 30
194 401 32
386 388 26
387 396 45
388 389 80
389 390 98
390 391 43
391 392 98
392 393 82
393 394 44
394 395 2
395 396 52
396 397 55
397 398 11
398 399 28
399 400 96
400 401 26
401 402 91
402 403 23
403 404 36
404 405 98
405 406 1
406 407 41
407 408 30
408 409 18
409 410 86
410 411 62
411 412 77
412 413 27
413 414 70
414 415 4
415 416 3
388 416 97
194 419 69
417 419 33
418 424 11
419 420 61
420 421 36
421 422 85
422 423 74
423 424 100
424 425 50
425 426 96
426 427 74
427 428 50
428 429 66
429 430 90
430 431 100
431 432 1
432 433 89
433 434 90
434 435 9
435 436 56
436 437 36
437 438 40
438 439 25
439 440 5
440 441 61
441 442 63
442 443 86
443 444 95
444 445 95
445 446 74
446 447 87
447 448 84
448 449 58
449 450 57
450 451 91
419 451 30
420 469 97
452 453 32
452 454 61
452 455 51
452 456 61
452 457 69
452 458 70
452 459 96
452 460 97
452 461 26
452 462 43
453 463 5
453 464 84
453 465 95
453 466 36
453 467 72
453 468 51
453 469 98
453 470 25
453 471 62
453 472 92
454 473 82
454 474 69
454 475 46
127 489 59
476 478 8
477 485 33
478 479 78
479 480 45
480 481 66
481 482 85
482 483 94
483 484 44
484 485 66
485 486 8
486 487 34
487 488 28
488 489 14
489 490 95
490 491 78
491 492 56
492 493 50
493 494 20
494 495 64
478 495 69
98 507 3
496 497 43
496 498 4
496 499 51
496 500 66
496 501 37
496 502 64
496 503 90
496 504 75
496 505 88
496 506 84
496 507 100
496 508 57
496 509 79
496 510 61
496 511 55
496 512 50
496 513 76
496 514 37
497 515 93
497 516 69
497 517 76
497 518 18
497 519 20
497 520 47
497 521 21
497 522 11
497 523 2
497 524 81
497 525 56
497 526 1
497 527 72
206 548 66
528 530 42
529 538 64
530 531 73
531 532 14
532 533 86
533 534 92
534 535 41
535 536 41
536 537 97
537 538 87
538 539 79
539 540 68
540 541 34
541 542 42
542 543 67
543 544 91
544 545 81
545 546 27
546 547 82
547 548 71
548 549 17
549 550 31
550 551 69
551 552 86
552 553 86
553 554 84
554 555 4
555 556 62
556 557 25
557 558 13
558 559 51
559 560 5
560 561 39
530 561 43
523 579 79
562 564 53
563 568 25
564 565 59
565 566 74
566 567 85
567 568 98
568 569 76
569 570 52
570 571 14
571 572 16
572 573 47
573 574 44
574 575 29
575 576 5
576 577 38
577 578 96
578 579 94
579 580 67
580 581 93
581 582 38
582 583 99
583 584 19
584 585 81
585 586 37
586 587 93
587 588 71
588 589 75
589 590 15
590 591 89
564 591 20
401 603 15
592 593 47
592 594 34
592 595 48
592 596 29
592 597 64
592 598 40
592 599 71
592 600 86
592 601 39
592 602 8
592 603 62
593 604 98
593 605 25
593 606 21
593 607 7
593 608 18
593 609 51
593 610 34
593 611 29
99
413 451
148 260
225 75
247 51
163 77
1 151
541 34
340 362
449 315
111 470
387 479
73 356
426 422
174 180
409 411
505 356
413 90
284 9
467 485
144 36
464 363
529 232
144 24
8 185
369 5
150 287
563 202
15 423
278 353
450 117
60 48
444 466
337 26
417 150
166 372
172 84
127 181
25 146
182 258
94 137
572 9
296 371
560 413
113 203
310 357
562 430
454 73
593 269
392 335
434 468
371 341
64 79
201 78
227 4
4 481
494 440
571 71
210 95
592 66
94 365
25 326
65 408
460 47
79 337
81 178
381 161
499 101
106 497
425 358
116 111
606 217
37 269
146 61
544 443
259 160
468 269
31 385
476 13
584 121
104 373
46 481
234 382
498 435
587 65
566 120
578 446
5 102
27 61
590 414
597 305
280 83
561 423
25 458
299 30
563 480
248 42
168 166
231 289
529 277
