659 677
1 3 22
2 13 52
3 4 5
4 5 63
5 6 85
6 7 42
7 8 35
8 9 11
9 10 70
10 11 23
11 12 47
12 13 55
13 14 96
14 15 13
15 16 50
16 17 43
17 18 23
18 19 69
19 20 76
20 21 36
21 22 10
22 23 36
23 24 95
24 25 98
3 25 93
14 58 14
26 28 10
27 55 97
28 29 33
29 30 47
30 31 58
31 32 45
32 33 30
33 34 11
34 35 100
35 36 71
36 37 61
37 38 64
38 39 97
39 40 43
40 41 1
41 42 92
42 43 79
43 44 3
44 45 89
45 46 10
46 47 42
47 48 80
48 49 72
49 50 91
50 51 41
51 52 83
52 53 90
53 54 1
54 55 50
55 56 41
56 57 33
57 58 63
58 59 56
59 60 73
60 61 97
61 62 43
62 63 73
63 64 6
64 65 44
28 65 35
26 89 56
66 68 99
67 68 57
68 69 97
69 70 92
70 71 93
71 72 53
72 73 24
73 74 38
74 75 21
75 76 31
76 77 85
77 78 67
78 79 55
79 80 39
80 81 80
81 82 13
82 83 76
83 84 44
84 85 96
85 86 5
86 87 79
87 88 56
88 89 11
89 90 79
90 91 70
91 92 55
92 93 74
93 94 77
94 95 89
95 96 26
96 97 43
97 98 95
98 99 96
99 100 25
100 101 70
101 102 21
68 102 23
82 115 16
103 104 85
103 105 98
103 106 57
103 107 61
103 108 47
103 109 32
103 110 33
103 111 45
103 112 80
103 113 67
103 114 32
103 115 58
103 116 44
103 117 11
103 118 67
104 119 67
104 120 99
104 121 74
104 122 42
104 123 29
104 124 88
104 125 14
104 126 48
104 127 22
104 128 89
104 129 19
104 130 60
104 131 99
104 132 71
104 133 42
105 134 37
105 135 64
105 136 55
105 137 39
105 138 8
28 144 81
139 141 72
140 141 89
141 142 26
142 143 57
143 144 29
144 145 38
145 146 98
146 147 1
147 148 100
148 149 59
149 150 56
150 151 29
151 152 49
152 153 57
153 154 28
154 155 68
155 156 11
156 157 46
157 158 53
158 159 40
159 160 75
160 161 64
161 162 17
162 163 26
163 164 1
164 165 89
165 166 100
166 167 64
167 168 35
168 169 18
169 170 9
170 171 42
171 172 83
172 173 68
141 173 59
112 198 41
174 176 93
175 190 7
176 177 31
177 178 2
178 179 23
179 180 96
180 181 27
181 182 53
182 183 19
183 184 96
184 185 73
185 186 77
186 187 76
187 188 46
188 189 42
189 190 3
190 191 24
191 192 87
192 193 52
193 194 47
194 195 93
195 196 2
196 197 20
197 198 71
198 199 97
199 200 37
200 201 38
176 201 31
16 217 46
202 204 46
203 213 79
204 205 15
205 206 43
206 207 40
207 208 56
208 209 12
209 210 20
210 211 49
211 212 81
212 213 45
213 214 37
214 215 90
215 216 70
216 217 2
217 218 89
218 219 71
219 220 59
220 221 52
204 221 68
106 237 91
222 224 67
223 238 88
224 225 92
225 226 79
226 227 51
227 228 77
228 229 42
229 230 21
230 231 31
231 232 14
232 233 24
233 234 14
234 235 53
235 236 67
236 237 13
237 238 72
238 239 57
239 240 36
240 241 92
241 242 66
242 243 46
243 244 59
244 245 24
245 246 46
246 247 76
247 248 71
248 249 19
249 250 40
250 251 84
251 252 20
252 253 17
253 254 77
254 255 98
255 256 100
256 257 1
224 257 13
168 268 1
258 260 48
259 260 2
260 261 35
261 262 15
262 263 93
263 264 14
264 265 71
265 266 22
266 267 40
267 268 22
268 269 95
269 270 56
270 271 5
271 272 18
272 273 25
273 274 73
274 275 64
275 276 86
276 277 16
277 278 61
260 278 24
118 303 92
279 281 51
280 281 67
281 282 89
282 283 91
283 284 52
284 285 60
285 286 35
286 287 54
287 288 56
288 289 33
289 290 89
290 291 72
291 292 63
292 293 67
293 294 39
294 295 69
295 296 62
296 297 84
297 298 21
298 299 70
299 300 65
300 301 43
301 302 21
302 303 51
303 304 73
281 304 30
98 332 63
305 307 2
306 328 62
307 308 43
308 309 34
309 310 68
310 311 59
311 312 55
312 313 38
313 314 11
314 315 46
315 316 88
316 317 53
317 318 19
318 319 34
319 320 93
320 321 23
321 322 26
322 323 73
323 324 87
324 325 27
325 326 78
326 327 53
327 328 46
328 329 38
329 330 36
330 331 85
331 332 81
332 333 70
333 334 12
307 334 87
73 350 71
335 337 30
336 337 100
337 338 32
338 339 57
339 340 6
340 341 96
341 342 13
342 343 7
343 344 90
344 345 14
345 346 27
346 347 40
347 348 98
348 349 10
349 350 91
350 351 34
351 352 76
352 353 52
353 354 66
354 355 77
355 356 70
356 357 31
357 358 5
358 359 77
337 359 39
204 361 78
360 362 16
361 362 51
362 363 80
363 364 51
364 365 32
365 366 11
366 367 81
367 368 80
368 369 70
369 370 60
370 371 20
371 372 38
372 373 95
373 374 46
374 375 56
375 376 89
376 377 74
377 378 22
378 379 85
379 380 47
380 381 51
381 382 37
382 383 20
383 384 24
384 385 20
362 385 17
154 405 45
386 388 6
387 388 9
388 389 18
389 390 49
390 391 21
391 392 67
392 393 91
393 394 36
394 395 74
395 396 64
396 397 78
397 398 28
398 399 55
399 400 86
400 401 6
401 402 14
402 403 54
403 404 20
404 405 1
405 406 90
406 407 51
407 408 89
408 409 73
409 410 94
410 411 77
411 412 5
412 413 27
413 414 68
414 415 7
415 416 43
388 416 96
400 438 7
417 419 46
418 419 69
419 420 37
420 421 34
421 422 62
422 423 14
423 424 94
424 425 3
425 426 34
426 427 82
427 428 1
428 429 26
429 430 45
430 431 78
431 432 77
432 433 6
433 434 56
434 435 24
435 436 21
436 437 52
437 438 86
438 439 7
439 440 42
440 441 73
441 442 69
442 443 61
443 444 40
444 445 3
445 446 57
446 447 30
447 448 94
448 449 19
419 449 85
96 459 39
450 452 31
451 452 72
452 453 8
453 454 5
454 455 42
455 456 4
456 457 1
457 458 24
458 459 52
459 460 56
460 461 34
461 462 33
462 463 64
463 464 95
464 465 81
465 466 24
466 467 59
467 468 82
468 469 2
469 470 25
452 470 93
303 492 96
471 473 92
472 492 51
473 474 50
474 475 97
475 476 11
476 477 20
477 478 44
478 479 79
479 480 98
480 481 23
481 482 26
482 483 53
483 484 14
484 485 70
485 486 92
486 487 96
487 488 98
488 489 33
489 490 93
490 491 30
491 492 13
492 493 31
493 494 64
494 495 66
495 496 57
496 497 84
497 498 5
498 499 51
499 500 58
500 501 19
501 502 19
502 503 71
503 504 36
504 505 22
505 506 28
473 506 13
371 508 5
507 509 55
508 509 20
509 510 17
510 511 63
511 512 93
512 513 49
513 514 58
514 515 17
515 516 95
516 517 50
517 518 85
518 519 53
519 520 97
520 521 1
521 522 73
522 523 39
523 524 22
524 525 80
525 526 88
526 527 66
527 528 51
528 529 71
529 530 9
530 531 36
531 532 17
532 533 47
533 534 66
534 535 32
535 536 79
536 537 84
537 538 32
538 539 64
539 540 32
540 541 19
541 542 84
542 543 45
543 544 58
509 544 39
394 571 58
545 546 51
545 547 66
545 548 29
545 549 53
545 550 93
545 551 60
545 552 73
545 553 74
545 554 23
545 555 56
545 556 58
545 557 51
545 558 66
545 559 49
545 560 54
545 561 72
545 562 48
545 563 62
545 564 34
546 565 24
546 566 78
546 567 3
546 568 14
546 569 48
546 570 64
546 571 16
546 572 91
546 573 11
546 574 17
546 575 57
546 576 20
546 577 37
546 578 16
546 579 69
546 580 51
546 581 27
546 582 60
546 583 8
547 584 97
401 602 25
585 587 34
586 608 46
587 588 92
588 589 74
589 590 28
590 591 47
591 592 44
592 593 78
593 594 24
594 595 34
595 596 74
596 597 85
597 598 16
598 599 74
599 600 13
600 601 10
601 602 54
602 603 42
603 604 73
604 605 43
605 606 59
606 607 11
607 608 98
608 609 10
609 610 54
610 611 12
611 612 39
612 613 58
613 614 28
614 615 17
615 616 5
616 617 40
617 618 83
618 619 64
587 619 1
550 655 80
620 622 99
621 622 97
622 623 43
623 624 50
624 625 25
625 626 90
626 627 19
627 628 13
628 629 16
629 630 46
630 631 86
631 632 73
632 633 87
633 634 37
634 635 54
635 636 50
636 637 99
637 638 85
638 639 65
639 640 65
640 641 67
641 642 72
642 643 8
643 644 32
644 645 33
645 646 32
646 647 86
647 648 23
648 649 15
649 650 8
650 651 58
651 652 25
652 653 37
653 654 57
654 655 63
655 656 58
656 657 73
657 658 39
658 659 73
622 659 36
66
331 812
631 691
206 557
324 883
570 879
609 883
404 671
249 959
436 862
75 715
356 135
421 738
180 990
362 322
359 820
386 55
342 159
300 442
534 753
51 297
329 941
431 647
204 756
536 975
118 704
400 987
225 792
150 622
401 894
393 324
124 976
280 388
185 159
135 650
164 360
32 591
33 261
37 658
549 148
210 116
452 89
215 99
143 313
260 822
405 565
346 250
137 861
101 85
613 422
109 415
345 346
130 905
332 704
78 484
56 141
653 351
591 608
59 364
480 817
497 997
150 747
648 575
138 54
263 967
480 928
73 33
