4431 4500
1 3 1
2 45 1
3 4 2
4 5 3
5 6 3
6 7 4
7 8 1
8 9 1
9 10 4
10 11 5
11 12 1
12 13 2
13 14 5
14 15 5
15 16 1
16 17 1
17 18 3
18 19 1
19 20 4
20 21 2
21 22 5
22 23 5
23 24 1
24 25 3
25 26 2
26 27 4
27 28 1
28 29 1
29 30 1
30 31 4
31 32 5
32 33 5
33 34 5
34 35 2
35 36 4
36 37 2
37 38 4
38 39 5
39 40 4
40 41 5
41 42 5
42 43 1
43 44 3
44 45 1
45 46 5
46 47 4
47 48 2
48 49 3
3 49 4
40 104 13
50 52 4
51 52 2
52 53 4
53 54 4
54 55 3
55 56 1
56 57 1
57 58 1
58 59 3
59 60 1
60 61 3
61 62 1
62 63 4
63 64 1
64 65 1
65 66 4
66 67 4
67 68 1
68 69 1
69 70 4
70 71 2
71 72 4
72 73 3
73 74 3
74 75 2
75 76 2
76 77 1
77 78 3
78 79 1
79 80 5
80 81 5
81 82 5
82 83 4
83 84 1
84 85 1
85 86 2
86 87 5
87 88 4
88 89 4
89 90 5
90 91 2
91 92 2
92 93 1
93 94 3
94 95 5
95 96 4
96 97 3
97 98 1
98 99 4
99 100 3
100 101 3
101 102 3
102 103 5
103 104 2
104 105 5
105 106 4
106 107 2
107 108 2
108 109 2
109 110 3
110 111 2
111 112 4
112 113 4
113 114 3
114 115 4
115 116 4
116 117 2
117 118 2
118 119 1
119 120 2
120 121 2
121 122 4
122 123 2
123 124 5
124 125 4
125 126 2
126 127 4
127 128 2
128 129 5
52 129 5
63 145 33
130 132 5
131 141 5
132 133 2
133 134 3
134 135 1
135 136 5
136 137 3
137 138 5
138 139 4
139 140 1
140 141 5
141 142 5
142 143 2
143 144 1
144 145 2
145 146 5
146 147 3
147 148 2
148 149 3
149 150 5
150 151 1
151 152 3
152 153 5
153 154 1
154 155 4
155 156 4
156 157 1
132 157 2
47 175 15
158 160 3
159 160 2
160 161 1
161 162 2
162 163 4
163 164 3
164 165 3
165 166 1
166 167 2
167 168 5
168 169 3
169 170 5
170 171 1
171 172 4
172 173 3
173 174 5
174 175 4
175 176 5
160 176 5
143 180 2
177 178 4
177 179 4
177 180 2
177 181 2
177 182 1
177 183 2
177 184 2
177 185 1
177 186 2
177 187 1
177 188 3
178 189 1
178 190 3
178 191 3
178 192 5
178 193 1
178 194 3
178 195 2
178 196 5
178 197 2
178 198 3
178 199 4
179 200 3
179 201 1
179 202 2
179 203 5
179 204 3
179 205 3
101 246 78
206 208 2
207 208 2
208 209 4
209 210 3
210 211 4
211 212 1
212 213 1
213 214 4
214 215 5
215 216 3
216 217 1
217 218 1
218 219 4
219 220 3
220 221 1
221 222 1
222 223 1
223 224 2
224 225 5
225 226 4
226 227 5
227 228 5
228 229 4
229 230 1
230 231 2
231 232 5
232 233 5
233 234 5
234 235 4
235 236 2
236 237 4
237 238 3
238 239 5
239 240 2
240 241 3
241 242 1
242 243 2
243 244 3
244 245 1
245 246 1
246 247 4
247 248 2
248 249 5
249 250 1
250 251 1
251 252 1
252 253 3
253 254 1
254 255 2
255 256 3
256 257 2
257 258 4
258 259 4
259 260 5
260 261 5
261 262 3
262 263 1
263 264 4
264 265 4
265 266 2
266 267 5
267 268 3
268 269 1
269 270 2
270 271 2
271 272 4
272 273 3
208 273 1
106 285 38
274 276 1
275 312 2
276 277 3
277 278 5
278 279 4
279 280 2
280 281 2
281 282 2
282 283 4
283 284 4
284 285 4
285 286 1
286 287 4
287 288 1
288 289 5
289 290 3
290 291 1
291 292 5
292 293 5
293 294 1
294 295 5
295 296 4
296 297 5
297 298 4
298 299 4
299 300 5
300 301 4
301 302 3
302 303 1
303 304 1
304 305 2
305 306 3
306 307 3
307 308 4
308 309 2
309 310 5
310 311 5
311 312 3
312 313 1
313 314 1
314 315 5
315 316 1
316 317 3
317 318 3
318 319 4
319 320 4
320 321 1
321 322 4
322 323 5
323 324 1
324 325 2
325 326 2
326 327 3
327 328 3
328 329 2
329 330 2
330 331 2
331 332 4
332 333 1
333 334 1
334 335 4
335 336 5
336 337 1
337 338 1
338 339 2
339 340 1
340 341 2
341 342 4
342 343 4
343 344 3
344 345 4
345 346 3
346 347 2
347 348 4
348 349 5
276 349 3
235 362 81
350 352 2
351 352 1
352 353 3
353 354 3
354 355 5
355 356 5
356 357 1
357 358 5
358 359 4
359 360 4
360 361 3
361 362 3
362 363 5
352 363 4
231 385 94
364 365 4
364 366 4
364 367 5
364 368 4
364 369 2
364 370 4
364 371 3
364 372 3
364 373 4
364 374 3
364 375 3
364 376 5
364 377 1
364 378 1
364 379 1
364 380 2
364 381 5
364 382 4
364 383 1
364 384 2
364 385 5
364 386 3
364 387 3
364 388 5
364 389 3
364 390 2
364 391 1
364 392 3
364 393 3
364 394 3
364 395 4
364 396 2
365 397 3
365 398 1
365 399 3
365 400 4
365 401 3
365 402 5
365 403 3
365 404 3
365 405 1
365 406 1
365 407 3
365 408 5
365 409 3
103 420 28
410 412 4
411 412 1
412 413 3
413 414 1
414 415 1
415 416 1
416 417 4
417 418 1
418 419 2
419 420 2
420 421 4
421 422 1
422 423 1
423 424 2
424 425 1
425 426 1
426 427 1
427 428 5
428 429 2
429 430 2
430 431 3
431 432 5
432 433 5
433 434 5
412 434 4
352 458 12
435 437 2
436 448 4
437 438 2
438 439 3
439 440 2
440 441 2
441 442 2
442 443 2
443 444 5
444 445 2
445 446 3
446 447 2
447 448 2
448 449 1
449 450 4
450 451 3
451 452 5
452 453 4
453 454 3
454 455 3
455 456 4
456 457 4
457 458 5
458 459 3
459 460 2
460 461 4
461 462 1
462 463 4
463 464 5
464 465 5
465 466 5
466 467 1
467 468 4
437 468 2
400 485 19
469 470 3
469 471 4
469 472 4
469 473 3
469 474 1
469 475 2
469 476 1
469 477 3
469 478 4
469 479 5
469 480 1
469 481 2
469 482 4
469 483 1
469 484 1
469 485 5
469 486 5
469 487 4
469 488 3
469 489 3
469 490 3
469 491 1
469 492 2
469 493 2
469 494 3
469 495 4
469 496 1
469 497 5
469 498 1
469 499 1
469 500 1
469 501 2
469 502 1
469 503 2
469 504 4
218 556 2
505 506 4
505 507 4
505 508 1
505 509 2
505 510 5
505 511 1
505 512 3
505 513 1
505 514 3
505 515 2
505 516 4
506 517 1
506 518 1
506 519 1
506 520 2
506 521 5
506 522 5
506 523 1
506 524 2
506 525 4
506 526 1
506 527 5
507 528 2
507 529 4
507 530 2
507 531 2
507 532 2
507 533 3
507 534 5
507 535 4
507 536 2
507 537 3
507 538 2
508 539 3
508 540 4
508 541 4
508 542 2
508 543 4
508 544 5
508 545 4
508 546 4
508 547 5
508 548 5
508 549 2
509 550 2
509 551 1
509 552 4
509 553 1
509 554 3
509 555 5
509 556 1
509 557 1
509 558 2
509 559 3
509 560 1
510 561 2
510 562 5
355 563 7
563 565 4
564 592 4
565 566 5
566 567 1
567 568 1
568 569 1
569 570 4
570 571 1
571 572 3
572 573 5
573 574 4
574 575 5
575 576 3
576 577 2
577 578 4
578 579 2
579 580 1
580 581 3
581 582 1
582 583 2
583 584 4
584 585 4
585 586 3
586 587 3
587 588 3
588 589 1
589 590 1
590 591 4
591 592 4
592 593 4
593 594 1
594 595 2
565 595 1
419 632 100
596 598 3
597 638 4
598 599 2
599 600 5
600 601 3
601 602 1
602 603 2
603 604 1
604 605 3
605 606 3
606 607 4
607 608 2
608 609 2
609 610 3
610 611 4
611 612 1
612 613 1
613 614 5
614 615 1
615 616 3
616 617 2
617 618 3
618 619 5
619 620 3
620 621 4
621 622 1
622 623 5
623 624 1
624 625 4
625 626 1
626 627 4
627 628 2
628 629 1
629 630 2
630 631 2
631 632 3
632 633 4
633 634 1
634 635 4
635 636 4
636 637 2
637 638 2
638 639 1
598 639 5
437 644 49
640 641 1
640 642 4
640 643 3
640 644 5
640 645 1
640 646 5
640 647 4
640 648 3
640 649 3
640 650 3
640 651 2
640 652 5
640 653 5
640 654 5
640 655 1
640 656 5
640 657 4
640 658 4
640 659 4
640 660 2
640 661 4
640 662 5
640 663 4
640 664 4
640 665 5
640 666 4
640 667 2
640 668 4
640 669 4
640 670 4
640 671 3
640 672 3
640 673 4
640 674 5
327 675 28
675 676 3
675 677 5
675 678 4
675 679 3
675 680 5
675 681 1
675 682 3
675 683 1
675 684 5
675 685 1
675 686 5
675 687 1
675 688 2
675 689 4
675 690 5
675 691 2
675 692 5
675 693 2
675 694 5
675 695 1
675 696 3
267 709 11
697 699 1
698 699 2
699 700 5
700 701 1
701 702 3
702 703 3
703 704 3
704 705 2
705 706 2
706 707 1
707 708 1
708 709 2
709 710 3
710 711 2
711 712 3
712 713 2
713 714 3
714 715 2
715 716 1
716 717 2
699 717 2
514 728 32
718 720 3
719 720 3
720 721 4
721 722 4
722 723 1
723 724 5
724 725 1
725 726 5
726 727 5
727 728 4
728 729 4
729 730 5
730 731 2
731 732 1
732 733 1
733 734 1
720 734 1
402 779 17
735 737 2
736 737 2
737 738 1
738 739 4
739 740 3
740 741 3
741 742 5
742 743 3
743 744 3
744 745 3
745 746 4
746 747 3
747 748 5
748 749 1
749 750 2
750 751 5
751 752 1
752 753 3
753 754 3
754 755 3
755 756 3
756 757 4
757 758 5
758 759 4
759 760 5
760 761 3
761 762 2
762 763 2
763 764 2
764 765 1
765 766 4
766 767 1
767 768 2
768 769 4
769 770 3
770 771 3
771 772 1
772 773 5
773 774 2
774 775 5
775 776 4
776 777 3
777 778 5
778 779 4
779 780 2
780 781 1
781 782 5
782 783 3
783 784 3
784 785 4
785 786 4
786 787 2
787 788 4
737 788 1
538 795 78
789 791 5
790 791 2
791 792 3
792 793 5
793 794 2
794 795 4
795 796 1
796 797 4
797 798 2
798 799 4
799 800 5
800 801 1
801 802 1
802 803 4
803 804 2
804 805 4
805 806 3
806 807 1
807 808 2
808 809 2
809 810 4
810 811 3
811 812 4
812 813 3
813 814 2
791 814 5
796 824 35
815 817 3
816 846 5
817 818 3
818 819 4
819 820 1
820 821 1
821 822 3
822 823 5
823 824 4
824 825 4
825 826 5
826 827 4
827 828 5
828 829 1
829 830 3
830 831 3
831 832 2
832 833 1
833 834 1
834 835 3
835 836 2
836 837 4
837 838 4
838 839 1
839 840 3
840 841 3
841 842 1
842 843 3
843 844 4
844 845 4
845 846 3
846 847 4
847 848 5
848 849 2
849 850 3
850 851 3
851 852 3
852 853 4
853 854 3
854 855 3
855 856 3
856 857 4
857 858 1
858 859 2
859 860 3
860 861 1
861 862 2
862 863 5
863 864 4
864 865 5
865 866 3
866 867 2
867 868 2
817 868 1
826 914 34
869 871 1
870 923 3
871 872 1
872 873 2
873 874 2
874 875 2
875 876 3
876 877 3
877 878 2
878 879 3
879 880 1
880 881 3
881 882 2
882 883 2
883 884 4
884 885 5
885 886 1
886 887 5
887 888 5
888 889 1
889 890 1
890 891 3
891 892 2
892 893 5
893 894 1
894 895 2
895 896 1
896 897 4
897 898 1
898 899 2
899 900 1
900 901 2
901 902 4
902 903 2
903 904 2
904 905 3
905 906 2
906 907 5
907 908 2
908 909 5
909 910 2
910 911 5
911 912 5
912 913 2
913 914 5
914 915 4
915 916 2
916 917 1
917 918 5
918 919 4
919 920 2
920 921 3
921 922 5
922 923 5
923 924 5
924 925 4
925 926 1
926 927 4
927 928 2
928 929 2
929 930 4
930 931 1
931 932 3
932 933 5
933 934 2
934 935 3
935 936 4
936 937 4
937 938 2
871 938 4
375 945 56
939 941 5
940 941 5
941 942 1
942 943 1
943 944 3
944 945 4
945 946 1
946 947 5
947 948 2
948 949 1
949 950 2
950 951 2
951 952 1
952 953 3
953 954 1
954 955 2
955 956 4
956 957 1
957 958 1
958 959 3
959 960 2
960 961 5
961 962 5
962 963 2
963 964 3
964 965 1
965 966 2
966 967 5
967 968 4
968 969 1
969 970 1
970 971 5
971 972 3
972 973 1
973 974 3
974 975 4
975 976 1
976 977 2
977 978 3
978 979 1
979 980 2
980 981 3
981 982 5
982 983 4
983 984 5
984 985 1
985 986 2
986 987 1
987 988 4
988 989 2
989 990 1
990 991 2
991 992 3
992 993 3
993 994 5
994 995 2
995 996 3
996 997 4
997 998 2
998 999 4
999 1000 4
1000 1001 3
1001 1002 4
1002 1003 4
1003 1004 2
1004 1005 2
1005 1006 1
1006 1007 2
1007 1008 1
1008 1009 5
941 1009 1
869 1018 59
1010 1011 1
1010 1012 3
1010 1013 2
1010 1014 4
1010 1015 2
1010 1016 5
1011 1017 4
1011 1018 1
1011 1019 1
1011 1020 2
1011 1021 5
1011 1022 3
1012 1023 5
1012 1024 2
1012 1025 5
1012 1026 3
1012 1027 1
1012 1028 4
1013 1029 5
595 1069 90
1030 1031 4
1030 1032 4
1030 1033 3
1030 1034 3
1030 1035 1
1030 1036 1
1030 1037 5
1030 1038 2
1030 1039 5
1030 1040 5
1030 1041 4
1030 1042 1
1030 1043 1
1030 1044 1
1030 1045 4
1030 1046 3
1030 1047 4
1030 1048 5
1030 1049 3
1030 1050 1
1030 1051 3
1030 1052 3
1030 1053 3
1030 1054 5
1030 1055 4
1030 1056 2
1030 1057 4
1030 1058 5
1030 1059 1
1030 1060 1
1030 1061 4
1030 1062 3
1030 1063 5
1030 1064 2
1030 1065 3
1030 1066 3
1030 1067 3
1030 1068 3
1031 1069 5
1031 1070 1
1031 1071 3
1031 1072 1
1031 1073 4
1031 1074 1
1031 1075 1
1031 1076 3
1031 1077 1
1031 1078 2
1031 1079 1
1031 1080 3
1031 1081 3
1031 1082 2
1031 1083 2
1031 1084 2
150 1100 81
1085 1087 5
1086 1123 3
1087 1088 1
1088 1089 4
1089 1090 4
1090 1091 4
1091 1092 2
1092 1093 5
1093 1094 3
1094 1095 3
1095 1096 1
1096 1097 1
1097 1098 1
1098 1099 1
1099 1100 3
1100 1101 3
1101 1102 1
1102 1103 1
1103 1104 2
1104 1105 4
1105 1106 5
1106 1107 1
1107 1108 1
1108 1109 1
1109 1110 1
1110 1111 4
1111 1112 1
1112 1113 1
1113 1114 3
1114 1115 1
1115 1116 2
1116 1117 5
1117 1118 5
1118 1119 4
1119 1120 1
1120 1121 5
1121 1122 2
1122 1123 5
1123 1124 3
1124 1125 4
1125 1126 5
1126 1127 1
1127 1128 2
1087 1128 3
1092 1160 93
1129 1131 4
1130 1131 3
1131 1132 3
1132 1133 2
1133 1134 5
1134 1135 2
1135 1136 1
1136 1137 5
1137 1138 1
1138 1139 5
1139 1140 2
1140 1141 2
1141 1142 2
1142 1143 4
1143 1144 4
1144 1145 2
1145 1146 3
1146 1147 2
1147 1148 2
1148 1149 4
1149 1150 1
1150 1151 2
1151 1152 5
1152 1153 1
1153 1154 1
1154 1155 2
1155 1156 5
1156 1157 2
1157 1158 2
1158 1159 2
1159 1160 3
1160 1161 1
1161 1162 4
1162 1163 1
1163 1164 1
1164 1165 5
1165 1166 5
1166 1167 3
1167 1168 1
1168 1169 1
1169 1170 2
1170 1171 1
1171 1172 2
1172 1173 2
1173 1174 4
1174 1175 5
1175 1176 3
1176 1177 4
1177 1178 3
1178 1179 5
1179 1180 3
1180 1181 3
1181 1182 1
1182 1183 5
1183 1184 1
1184 1185 2
1185 1186 3
1186 1187 4
1187 1188 5
1188 1189 1
1189 1190 4
1190 1191 5
1191 1192 5
1192 1193 4
1193 1194 5
1131 1194 3
715 1215 74
1195 1196 1
1195 1197 1
1195 1198 4
1195 1199 4
1195 1200 5
1195 1201 1
1195 1202 2
1195 1203 1
1195 1204 4
1195 1205 5
1195 1206 3
1195 1207 5
1195 1208 3
1195 1209 1
1195 1210 2
1195 1211 3
1195 1212 1
1195 1213 5
1195 1214 5
1195 1215 2
1195 1216 1
1195 1217 4
1195 1218 2
1195 1219 3
1195 1220 2
1195 1221 1
1196 1222 5
59 1223 82
1223 1225 2
1224 1234 4
1225 1226 4
1226 1227 2
1227 1228 1
1228 1229 5
1229 1230 3
1230 1231 2
1231 1232 1
1232 1233 2
1233 1234 3
1234 1235 1
1235 1236 1
1236 1237 2
1237 1238 4
1238 1239 4
1225 1239 1
1230 1245 64
1240 1242 4
1241 1254 2
1242 1243 4
1243 1244 4
1244 1245 1
1245 1246 3
1246 1247 1
1247 1248 3
1248 1249 5
1249 1250 1
1250 1251 1
1251 1252 1
1252 1253 4
1253 1254 3
1254 1255 1
1242 1255 5
655 1289 78
1256 1258 5
1257 1258 3
1258 1259 2
1259 1260 4
1260 1261 5
1261 1262 3
1262 1263 1
1263 1264 4
1264 1265 5
1265 1266 1
1266 1267 2
1267 1268 1
1268 1269 3
1269 1270 4
1270 1271 3
1271 1272 2
1272 1273 2
1273 1274 1
1274 1275 3
1275 1276 1
1276 1277 2
1277 1278 1
1278 1279 1
1279 1280 2
1280 1281 5
1281 1282 5
1282 1283 4
1283 1284 1
1284 1285 5
1285 1286 5
1286 1287 3
1287 1288 2
1288 1289 4
1289 1290 2
1290 1291 5
1291 1292 2
1292 1293 4
1293 1294 3
1294 1295 4
1295 1296 5
1296 1297 2
1297 1298 5
1298 1299 4
1299 1300 5
1300 1301 1
1301 1302 5
1302 1303 3
1303 1304 3
1304 1305 3
1305 1306 3
1306 1307 5
1307 1308 3
1308 1309 1
1309 1310 5
1258 1310 2
381 1327 26
1311 1313 1
1312 1324 5
1313 1314 1
1314 1315 2
1315 1316 2
1316 1317 2
1317 1318 1
1318 1319 3
1319 1320 4
1320 1321 5
1321 1322 2
1322 1323 2
1323 1324 1
1324 1325 5
1325 1326 5
1326 1327 4
1327 1328 1
1328 1329 4
1329 1330 3
1330 1331 3
1331 1332 1
1332 1333 4
1333 1334 3
1334 1335 5
1335 1336 5
1336 1337 4
1337 1338 1
1338 1339 1
1339 1340 2
1340 1341 2
1341 1342 5
1342 1343 1
1343 1344 1
1344 1345 3
1345 1346 1
1313 1346 4
236 1361 2
1347 1349 4
1348 1363 1
1349 1350 3
1350 1351 1
1351 1352 3
1352 1353 3
1353 1354 4
1354 1355 2
1355 1356 3
1356 1357 2
1357 1358 5
1358 1359 5
1359 1360 2
1360 1361 3
1361 1362 2
1362 1363 3
1363 1364 5
1364 1365 2
1365 1366 5
1366 1367 5
1367 1368 1
1368 1369 3
1369 1370 1
1370 1371 5
1371 1372 2
1372 1373 1
1373 1374 4
1374 1375 1
1375 1376 4
1376 1377 2
1377 1378 5
1378 1379 5
1379 1380 4
1380 1381 5
1381 1382 5
1382 1383 1
1383 1384 3
1384 1385 5
1385 1386 2
1386 1387 4
1387 1388 5
1349 1388 2
1060 1400 35
1389 1391 5
1390 1391 2
1391 1392 4
1392 1393 3
1393 1394 4
1394 1395 3
1395 1396 5
1396 1397 1
1397 1398 3
1398 1399 4
1399 1400 5
1400 1401 2
1401 1402 4
1402 1403 4
1403 1404 3
1404 1405 1
1405 1406 2
1406 1407 4
1407 1408 5
1408 1409 2
1409 1410 5
1410 1411 4
1411 1412 5
1412 1413 4
1413 1414 4
1414 1415 5
1415 1416 5
1416 1417 1
1417 1418 5
1418 1419 2
1419 1420 4
1420 1421 1
1421 1422 3
1422 1423 5
1423 1424 5
1424 1425 1
1425 1426 3
1426 1427 5
1427 1428 4
1428 1429 1
1429 1430 5
1430 1431 2
1431 1432 4
1432 1433 4
1433 1434 1
1434 1435 3
1435 1436 4
1436 1437 5
1437 1438 3
1438 1439 2
1439 1440 5
1391 1440 1
557 1451 86
1441 1443 4
1442 1476 3
1443 1444 1
1444 1445 4
1445 1446 4
1446 1447 3
1447 1448 5
1448 1449 3
1449 1450 1
1450 1451 3
1451 1452 3
1452 1453 1
1453 1454 3
1454 1455 1
1455 1456 5
1456 1457 2
1457 1458 5
1458 1459 4
1459 1460 4
1460 1461 3
1461 1462 2
1462 1463 4
1463 1464 2
1464 1465 3
1465 1466 5
1466 1467 4
1467 1468 2
1468 1469 5
1469 1470 2
1470 1471 4
1471 1472 1
1472 1473 5
1473 1474 5
1474 1475 2
1475 1476 4
1476 1477 3
1477 1478 3
1478 1479 2
1479 1480 4
1480 1481 5
1481 1482 4
1482 1483 2
1443 1483 2
870 1505 42
1484 1485 5
1484 1486 3
1484 1487 3
1484 1488 4
1484 1489 5
1484 1490 3
1484 1491 3
1484 1492 2
1484 1493 3
1484 1494 5
1484 1495 5
1484 1496 3
1484 1497 2
1484 1498 3
1484 1499 3
1484 1500 3
1484 1501 4
1484 1502 5
1484 1503 5
1484 1504 3
1484 1505 2
1484 1506 4
1484 1507 3
1484 1508 3
1484 1509 4
1485 1510 4
1485 1511 4
1485 1512 4
1485 1513 4
1485 1514 1
1485 1515 3
1485 1516 3
1485 1517 3
1485 1518 2
1485 1519 3
395 1568 28
1520 1522 3
1521 1522 4
1522 1523 1
1523 1524 1
1524 1525 5
1525 1526 3
1526 1527 2
1527 1528 2
1528 1529 1
1529 1530 1
1530 1531 3
1531 1532 2
1532 1533 3
1533 1534 4
1534 1535 2
1535 1536 5
1536 1537 4
1537 1538 1
1538 1539 5
1539 1540 3
1540 1541 3
1541 1542 1
1542 1543 2
1543 1544 2
1544 1545 5
1545 1546 4
1546 1547 2
1547 1548 4
1548 1549 4
1549 1550 2
1550 1551 1
1551 1552 1
1552 1553 3
1553 1554 3
1554 1555 1
1555 1556 1
1556 1557 3
1557 1558 5
1558 1559 1
1559 1560 2
1560 1561 2
1561 1562 1
1562 1563 3
1563 1564 4
1564 1565 1
1565 1566 3
1566 1567 3
1567 1568 4
1568 1569 2
1569 1570 1
1570 1571 2
1571 1572 5
1572 1573 2
1573 1574 2
1574 1575 3
1575 1576 3
1576 1577 5
1577 1578 1
1578 1579 5
1579 1580 2
1580 1581 4
1581 1582 5
1582 1583 3
1583 1584 2
1584 1585 2
1585 1586 1
1586 1587 3
1587 1588 4
1588 1589 5
1589 1590 4
1590 1591 4
1591 1592 3
1592 1593 5
1593 1594 3
1594 1595 1
1595 1596 3
1596 1597 3
1597 1598 4
1522 1598 3
781 1614 93
1599 1601 2
1600 1610 3
1601 1602 4
1602 1603 5
1603 1604 5
1604 1605 5
1605 1606 3
1606 1607 4
1607 1608 2
1608 1609 1
1609 1610 4
1610 1611 1
1611 1612 3
1612 1613 5
1613 1614 5
1614 1615 3
1615 1616 3
1616 1617 3
1617 1618 2
1601 1618 3
458 1619 98
1619 1620 1
1619 1621 5
1619 1622 2
1619 1623 4
1619 1624 1
1619 1625 2
1619 1626 4
1619 1627 5
1619 1628 2
1619 1629 3
1619 1630 4
1619 1631 4
1619 1632 2
1619 1633 2
1619 1634 3
1520 1641 15
1635 1637 4
1636 1647 5
1637 1638 3
1638 1639 4
1639 1640 1
1640 1641 3
1641 1642 5
1642 1643 5
1643 1644 3
1644 1645 5
1645 1646 5
1646 1647 5
1647 1648 5
1648 1649 5
1649 1650 5
1650 1651 5
1651 1652 4
1652 1653 5
1653 1654 2
1654 1655 5
1655 1656 4
1656 1657 1
1657 1658 5
1658 1659 1
1659 1660 2
1660 1661 4
1661 1662 3
1662 1663 1
1663 1664 4
1637 1664 5
812 1686 100
1665 1667 3
1666 1667 5
1667 1668 1
1668 1669 1
1669 1670 2
1670 1671 5
1671 1672 1
1672 1673 2
1673 1674 4
1674 1675 4
1675 1676 2
1676 1677 4
1677 1678 5
1678 1679 1
1679 1680 2
1680 1681 4
1681 1682 5
1682 1683 1
1683 1684 4
1684 1685 4
1685 1686 4
1686 1687 1
1687 1688 1
1688 1689 5
1689 1690 2
1690 1691 4
1691 1692 4
1692 1693 5
1693 1694 4
1694 1695 1
1695 1696 4
1696 1697 1
1697 1698 3
1698 1699 4
1699 1700 5
1700 1701 1
1701 1702 2
1702 1703 1
1703 1704 3
1704 1705 2
1705 1706 5
1706 1707 2
1707 1708 1
1708 1709 2
1709 1710 2
1710 1711 1
1711 1712 1
1712 1713 3
1713 1714 3
1714 1715 2
1715 1716 4
1667 1716 5
470 1736 63
1717 1719 3
1718 1729 4
1719 1720 5
1720 1721 3
1721 1722 2
1722 1723 2
1723 1724 3
1724 1725 1
1725 1726 3
1726 1727 2
1727 1728 3
1728 1729 4
1729 1730 2
1730 1731 1
1731 1732 4
1732 1733 4
1733 1734 1
1734 1735 4
1735 1736 5
1736 1737 2
1737 1738 1
1738 1739 5
1739 1740 5
1740 1741 2
1741 1742 3
1742 1743 3
1743 1744 1
1744 1745 4
1745 1746 5
1746 1747 3
1747 1748 4
1748 1749 3
1749 1750 5
1719 1750 4
1546 1780 30
1751 1753 4
1752 1753 2
1753 1754 1
1754 1755 3
1755 1756 5
1756 1757 4
1757 1758 1
1758 1759 5
1759 1760 1
1760 1761 4
1761 1762 3
1762 1763 2
1763 1764 1
1764 1765 3
1765 1766 3
1766 1767 5
1767 1768 5
1768 1769 2
1769 1770 3
1770 1771 4
1771 1772 3
1772 1773 3
1773 1774 3
1774 1775 1
1775 1776 5
1776 1777 5
1777 1778 2
1778 1779 2
1779 1780 2
1780 1781 4
1781 1782 2
1782 1783 2
1783 1784 4
1784 1785 2
1785 1786 4
1786 1787 2
1787 1788 1
1788 1789 3
1789 1790 4
1790 1791 1
1791 1792 4
1792 1793 2
1793 1794 1
1794 1795 1
1795 1796 4
1796 1797 5
1797 1798 4
1798 1799 2
1799 1800 5
1800 1801 3
1801 1802 2
1802 1803 4
1803 1804 3
1804 1805 2
1805 1806 5
1806 1807 4
1807 1808 1
1808 1809 5
1809 1810 2
1810 1811 2
1753 1811 4
1562 1827 80
1812 1813 2
1812 1814 1
1812 1815 4
1812 1816 3
1812 1817 1
1812 1818 5
1812 1819 5
1812 1820 5
1812 1821 5
1813 1822 1
1813 1823 1
1813 1824 4
1813 1825 1
1813 1826 4
1813 1827 3
1813 1828 1
1813 1829 2
1813 1830 2
1814 1831 3
87 1874 29
1832 1834 4
1833 1834 4
1834 1835 3
1835 1836 1
1836 1837 1
1837 1838 2
1838 1839 1
1839 1840 3
1840 1841 4
1841 1842 3
1842 1843 4
1843 1844 4
1844 1845 4
1845 1846 3
1846 1847 2
1847 1848 5
1848 1849 4
1849 1850 2
1850 1851 5
1851 1852 1
1852 1853 4
1853 1854 2
1854 1855 1
1855 1856 4
1856 1857 3
1857 1858 5
1858 1859 2
1859 1860 5
1860 1861 2
1861 1862 1
1862 1863 2
1863 1864 5
1864 1865 5
1865 1866 4
1866 1867 4
1867 1868 4
1868 1869 5
1869 1870 4
1870 1871 4
1871 1872 2
1872 1873 2
1873 1874 5
1874 1875 3
1875 1876 3
1876 1877 5
1877 1878 3
1878 1879 2
1879 1880 2
1880 1881 4
1881 1882 2
1882 1883 3
1883 1884 5
1884 1885 5
1885 1886 4
1834 1886 5
105 1897 74
1887 1889 1
1888 1891 5
1889 1890 3
1890 1891 1
1891 1892 5
1892 1893 2
1893 1894 4
1894 1895 1
1895 1896 1
1896 1897 2
1897 1898 1
1898 1899 2
1899 1900 2
1900 1901 2
1901 1902 5
1902 1903 2
1903 1904 2
1904 1905 2
1905 1906 2
1889 1906 1
1768 1933 94
1907 1909 4
1908 1926 4
1909 1910 1
1910 1911 2
1911 1912 2
1912 1913 3
1913 1914 1
1914 1915 4
1915 1916 2
1916 1917 2
1917 1918 1
1918 1919 1
1919 1920 3
1920 1921 3
1921 1922 2
1922 1923 2
1923 1924 2
1924 1925 5
1925 1926 5
1926 1927 1
1927 1928 2
1928 1929 5
1929 1930 3
1930 1931 1
1931 1932 1
1932 1933 5
1933 1934 4
1934 1935 5
1935 1936 1
1936 1937 2
1937 1938 2
1938 1939 3
1939 1940 1
1940 1941 4
1941 1942 5
1942 1943 2
1943 1944 3
1909 1944 3
1172 1964 34
1945 1947 4
1946 1947 5
1947 1948 1
1948 1949 1
1949 1950 1
1950 1951 1
1951 1952 1
1952 1953 5
1953 1954 3
1954 1955 1
1955 1956 1
1956 1957 1
1957 1958 2
1958 1959 4
1959 1960 4
1960 1961 4
1961 1962 4
1962 1963 5
1963 1964 1
1964 1965 1
1965 1966 4
1966 1967 2
1967 1968 3
1968 1969 5
1969 1970 4
1970 1971 1
1971 1972 2
1972 1973 4
1973 1974 2
1974 1975 3
1975 1976 3
1976 1977 3
1977 1978 5
1978 1979 2
1979 1980 2
1980 1981 3
1981 1982 3
1982 1983 5
1983 1984 2
1984 1985 5
1985 1986 2
1947 1986 1
318 2008 33
1987 1989 2
1988 1989 5
1989 1990 2
1990 1991 4
1991 1992 2
1992 1993 1
1993 1994 3
1994 1995 2
1995 1996 2
1996 1997 2
1997 1998 3
1998 1999 1
1999 2000 4
2000 2001 1
2001 2002 5
2002 2003 5
2003 2004 5
2004 2005 3
2005 2006 3
2006 2007 5
2007 2008 5
2008 2009 1
2009 2010 1
2010 2011 2
2011 2012 1
2012 2013 3
2013 2014 4
2014 2015 3
2015 2016 3
2016 2017 4
2017 2018 5
2018 2019 3
2019 2020 5
2020 2021 1
2021 2022 3
2022 2023 2
2023 2024 3
2024 2025 3
2025 2026 4
2026 2027 2
2027 2028 5
2028 2029 4
2029 2030 2
2030 2031 2
2031 2032 5
2032 2033 1
2033 2034 1
1989 2034 3
503 2061 92
2035 2036 5
2035 2037 2
2035 2038 3
2035 2039 4
2035 2040 2
2035 2041 5
2035 2042 1
2035 2043 1
2035 2044 2
2035 2045 1
2035 2046 4
2035 2047 2
2035 2048 1
2035 2049 3
2035 2050 4
2035 2051 2
2035 2052 1
2035 2053 4
2035 2054 2
2035 2055 1
2035 2056 5
2035 2057 4
2035 2058 5
2035 2059 1
2035 2060 1
2035 2061 4
2035 2062 5
2035 2063 3
2035 2064 2
2035 2065 1
2035 2066 5
2035 2067 3
2035 2068 3
2036 2069 5
2036 2070 3
2036 2071 3
2036 2072 1
2036 2073 3
2036 2074 5
2036 2075 5
2036 2076 3
2036 2077 5
2036 2078 4
2036 2079 1
2036 2080 4
2036 2081 2
1424 2121 8
2082 2084 2
2083 2099 2
2084 2085 4
2085 2086 1
2086 2087 1
2087 2088 3
2088 2089 1
2089 2090 1
2090 2091 4
2091 2092 1
2092 2093 3
2093 2094 2
2094 2095 4
2095 2096 5
2096 2097 3
2097 2098 4
2098 2099 1
2099 2100 1
2100 2101 1
2101 2102 5
2102 2103 4
2103 2104 4
2104 2105 3
2105 2106 5
2106 2107 3
2107 2108 4
2108 2109 2
2109 2110 4
2110 2111 3
2111 2112 3
2112 2113 3
2113 2114 4
2114 2115 4
2115 2116 5
2116 2117 4
2117 2118 3
2118 2119 3
2119 2120 4
2120 2121 3
2121 2122 1
2122 2123 3
2123 2124 5
2124 2125 5
2125 2126 2
2126 2127 4
2127 2128 1
2128 2129 1
2129 2130 2
2130 2131 2
2131 2132 4
2132 2133 2
2133 2134 2
2134 2135 1
2135 2136 2
2136 2137 5
2137 2138 3
2138 2139 5
2139 2140 2
2140 2141 4
2141 2142 2
2142 2143 3
2143 2144 4
2144 2145 5
2145 2146 3
2146 2147 1
2147 2148 2
2148 2149 2
2149 2150 2
2150 2151 2
2151 2152 3
2152 2153 1
2153 2154 4
2154 2155 5
2155 2156 4
2156 2157 5
2157 2158 2
2158 2159 4
2159 2160 5
2160 2161 5
2084 2161 1
1490 2175 16
2162 2163 5
2162 2164 2
2162 2165 2
2162 2166 2
2162 2167 3
2162 2168 5
2162 2169 5
2162 2170 3
2162 2171 3
2162 2172 3
2163 2173 3
2163 2174 2
2163 2175 4
2163 2176 1
2163 2177 5
2163 2178 2
2163 2179 1
2163 2180 3
2163 2181 1
2163 2182 4
2164 2183 3
2164 2184 4
2164 2185 3
2164 2186 2
2164 2187 3
2164 2188 5
2164 2189 5
2164 2190 1
2164 2191 4
2164 2192 2
2165 2193 1
2165 2194 4
2165 2195 2
2165 2196 4
2165 2197 3
2165 2198 4
2165 2199 5
2165 2200 1
2165 2201 1
2165 2202 4
2166 2203 2
2166 2204 3
2166 2205 4
2166 2206 2
2166 2207 3
217 2227 26
2208 2210 2
2209 2210 3
2210 2211 2
2211 2212 3
2212 2213 4
2213 2214 3
2214 2215 5
2215 2216 5
2216 2217 5
2217 2218 5
2218 2219 3
2219 2220 5
2220 2221 5
2221 2222 4
2222 2223 3
2223 2224 1
2224 2225 5
2225 2226 2
2226 2227 3
2227 2228 2
2228 2229 3
2229 2230 1
2230 2231 1
2231 2232 3
2232 2233 4
2210 2233 3
1601 2237 73
2234 2236 4
2235 2236 2
2236 2237 3
2237 2238 2
2238 2239 4
2239 2240 5
2240 2241 3
2241 2242 4
2242 2243 1
2243 2244 2
2244 2245 1
2245 2246 5
2246 2247 4
2247 2248 5
2248 2249 5
2249 2250 2
2250 2251 1
2251 2252 2
2252 2253 4
2253 2254 1
2254 2255 3
2255 2256 2
2256 2257 1
2257 2258 5
2258 2259 2
2259 2260 1
2260 2261 5
2261 2262 1
2262 2263 5
2263 2264 3
2264 2265 1
2265 2266 3
2266 2267 4
2267 2268 4
2268 2269 2
2269 2270 5
2270 2271 3
2271 2272 4
2272 2273 5
2273 2274 4
2274 2275 3
2275 2276 3
2276 2277 1
2277 2278 2
2236 2278 4
1278 2283 45
2279 2281 2
2280 2282 5
2281 2282 1
2282 2283 1
2283 2284 5
2284 2285 2
2285 2286 4
2286 2287 1
2287 2288 2
2288 2289 1
2289 2290 3
2290 2291 3
2291 2292 3
2292 2293 3
2293 2294 1
2294 2295 5
2295 2296 3
2296 2297 3
2297 2298 4
2298 2299 3
2299 2300 4
2300 2301 1
2301 2302 1
2302 2303 3
2303 2304 2
2304 2305 5
2305 2306 3
2306 2307 3
2307 2308 1
2308 2309 4
2309 2310 4
2310 2311 3
2311 2312 2
2312 2313 2
2313 2314 5
2314 2315 3
2315 2316 3
2316 2317 2
2317 2318 5
2318 2319 4
2319 2320 1
2320 2321 3
2321 2322 5
2322 2323 1
2323 2324 1
2324 2325 5
2325 2326 2
2326 2327 2
2327 2328 2
2328 2329 2
2329 2330 5
2330 2331 1
2331 2332 3
2332 2333 3
2333 2334 5
2334 2335 5
2335 2336 5
2336 2337 4
2337 2338 1
2281 2338 2
2102 2343 4
2339 2341 1
2340 2341 5
2341 2342 3
2342 2343 2
2343 2344 2
2344 2345 3
2345 2346 1
2346 2347 5
2347 2348 4
2348 2349 4
2349 2350 1
2350 2351 3
2351 2352 3
2352 2353 4
2353 2354 5
2354 2355 5
2355 2356 4
2356 2357 3
2357 2358 2
2358 2359 2
2359 2360 5
2360 2361 5
2361 2362 3
2362 2363 2
2363 2364 5
2364 2365 2
2365 2366 4
2366 2367 2
2367 2368 3
2368 2369 5
2369 2370 1
2370 2371 1
2371 2372 4
2372 2373 3
2373 2374 2
2374 2375 2
2375 2376 3
2376 2377 3
2377 2378 2
2378 2379 3
2379 2380 2
2380 2381 5
2381 2382 2
2382 2383 2
2383 2384 3
2384 2385 1
2385 2386 2
2386 2387 2
2387 2388 4
2388 2389 5
2341 2389 5
2004 2435 10
2390 2392 1
2391 2395 2
2392 2393 2
2393 2394 3
2394 2395 1
2395 2396 1
2396 2397 1
2397 2398 4
2398 2399 3
2399 2400 4
2400 2401 3
2401 2402 5
2402 2403 5
2403 2404 5
2404 2405 2
2405 2406 5
2406 2407 1
2407 2408 2
2408 2409 4
2409 2410 5
2410 2411 4
2411 2412 2
2412 2413 4
2413 2414 3
2414 2415 2
2415 2416 2
2416 2417 5
2417 2418 2
2418 2419 4
2419 2420 3
2420 2421 3
2421 2422 2
2422 2423 2
2423 2424 3
2424 2425 3
2425 2426 1
2426 2427 2
2427 2428 1
2428 2429 4
2429 2430 1
2430 2431 5
2431 2432 2
2432 2433 1
2433 2434 3
2434 2435 4
2435 2436 4
2436 2437 2
2392 2437 2
717 2442 58
2438 2439 3
2438 2440 5
2438 2441 3
2438 2442 1
2438 2443 4
2438 2444 2
2438 2445 2
2438 2446 3
2438 2447 4
2438 2448 1
2438 2449 4
2438 2450 4
2438 2451 5
2438 2452 5
2438 2453 3
2438 2454 2
2438 2455 5
2438 2456 3
2438 2457 5
2438 2458 3
2438 2459 3
2438 2460 2
2438 2461 3
2438 2462 5
2438 2463 5
2438 2464 4
2438 2465 1
2438 2466 4
2438 2467 2
2438 2468 2
2438 2469 4
2438 2470 1
2438 2471 4
2438 2472 2
2438 2473 4
2438 2474 5
2438 2475 1
2438 2476 3
2439 2477 4
2439 2478 3
2439 2479 2
2439 2480 2
2439 2481 4
2439 2482 1
2439 2483 1
2439 2484 2
2439 2485 5
2439 2486 3
2439 2487 1
2439 2488 3
2439 2489 3
2439 2490 1
2439 2491 2
2439 2492 2
2439 2493 3
2439 2494 2
2439 2495 2
2439 2496 1
2439 2497 2
2439 2498 5
2439 2499 1
2439 2500 5
2439 2501 1
2439 2502 5
2439 2503 1
2439 2504 3
2439 2505 1
2439 2506 5
2439 2507 4
904 2510 56
2508 2509 2
2508 2510 4
2508 2511 2
2508 2512 4
2508 2513 1
2508 2514 5
2508 2515 3
2508 2516 4
2508 2517 3
2508 2518 3
2508 2519 3
2508 2520 5
2508 2521 4
2508 2522 3
2508 2523 2
2508 2524 4
2508 2525 4
2508 2526 3
2508 2527 5
2508 2528 5
2508 2529 5
2508 2530 1
1320 2539 92
2531 2532 4
2531 2533 4
2531 2534 3
2531 2535 2
2531 2536 1
2531 2537 5
2531 2538 4
2531 2539 3
2532 2540 1
2532 2541 3
2532 2542 5
2532 2543 3
2532 2544 3
2532 2545 5
2532 2546 1
2532 2547 5
2533 2548 3
2533 2549 3
2533 2550 1
2533 2551 4
2533 2552 5
2533 2553 1
2533 2554 4
2533 2555 2
2534 2556 4
2534 2557 1
2534 2558 1
2534 2559 3
2534 2560 1
2534 2561 3
2534 2562 5
2534 2563 2
2535 2564 5
2535 2565 5
2535 2566 4
2535 2567 3
2535 2568 1
2535 2569 3
2535 2570 5
2535 2571 5
2536 2572 4
2536 2573 2
2536 2574 5
2536 2575 3
2536 2576 4
2536 2577 2
2536 2578 1
2536 2579 4
2537 2580 5
2537 2581 4
2537 2582 4
2537 2583 4
2537 2584 3
2537 2585 1
2537 2586 4
2537 2587 2
2538 2588 5
2538 2589 3
2538 2590 5
2538 2591 5
2538 2592 3
2538 2593 3
2538 2594 4
2538 2595 1
2539 2596 1
2539 2597 1
2539 2598 5
188 2628 58
2599 2600 2
2599 2601 3
2599 2602 3
2599 2603 2
2599 2604 3
2599 2605 4
2599 2606 2
2599 2607 5
2599 2608 5
2599 2609 2
2599 2610 3
2599 2611 1
2599 2612 2
2599 2613 2
2599 2614 2
2599 2615 5
2599 2616 4
2599 2617 1
2599 2618 2
2599 2619 4
2599 2620 1
2599 2621 1
2599 2622 5
2599 2623 2
2599 2624 5
2599 2625 3
2599 2626 5
2599 2627 3
2599 2628 5
2600 2629 2
2600 2630 2
2600 2631 3
2600 2632 3
2600 2633 5
2600 2634 1
2600 2635 3
2600 2636 3
2600 2637 3
2600 2638 4
2600 2639 2
2600 2640 1
2600 2641 5
2600 2642 3
2600 2643 5
2600 2644 5
2600 2645 4
2600 2646 2
2600 2647 5
2600 2648 3
2600 2649 3
2600 2650 2
2600 2651 3
2600 2652 3
2600 2653 5
2600 2654 1
2600 2655 2
2600 2656 3
1066 2696 28
2657 2659 1
2658 2676 2
2659 2660 1
2660 2661 5
2661 2662 5
2662 2663 2
2663 2664 1
2664 2665 1
2665 2666 5
2666 2667 3
2667 2668 3
2668 2669 2
2669 2670 1
2670 2671 2
2671 2672 4
2672 2673 1
2673 2674 2
2674 2675 1
2675 2676 2
2676 2677 1
2677 2678 4
2678 2679 3
2679 2680 1
2680 2681 1
2681 2682 5
2682 2683 4
2683 2684 5
2684 2685 2
2685 2686 5
2686 2687 2
2687 2688 4
2688 2689 4
2689 2690 2
2690 2691 4
2691 2692 2
2692 2693 2
2693 2694 4
2694 2695 1
2695 2696 3
2696 2697 3
2697 2698 2
2698 2699 2
2699 2700 4
2700 2701 1
2701 2702 2
2702 2703 5
2703 2704 4
2704 2705 4
2705 2706 5
2706 2707 5
2659 2707 1
1546 2737 12
2708 2710 1
2709 2710 5
2710 2711 3
2711 2712 5
2712 2713 3
2713 2714 4
2714 2715 1
2715 2716 5
2716 2717 2
2717 2718 2
2718 2719 1
2719 2720 3
2720 2721 4
2721 2722 4
2722 2723 3
2723 2724 2
2724 2725 1
2725 2726 4
2726 2727 4
2727 2728 2
2728 2729 3
2729 2730 4
2730 2731 1
2731 2732 3
2732 2733 3
2733 2734 1
2734 2735 4
2735 2736 4
2736 2737 3
2737 2738 3
2738 2739 2
2739 2740 3
2740 2741 3
2741 2742 4
2742 2743 2
2743 2744 5
2744 2745 5
2745 2746 3
2746 2747 1
2747 2748 4
2748 2749 1
2749 2750 5
2750 2751 5
2710 2751 5
2167 2766 97
2752 2754 3
2753 2759 4
2754 2755 5
2755 2756 4
2756 2757 3
2757 2758 5
2758 2759 1
2759 2760 2
2760 2761 4
2761 2762 2
2762 2763 5
2763 2764 3
2764 2765 4
2765 2766 5
2766 2767 4
2767 2768 1
2768 2769 4
2769 2770 3
2770 2771 4
2754 2771 3
1428 2780 97
2772 2774 3
2773 2809 4
2774 2775 1
2775 2776 4
2776 2777 5
2777 2778 4
2778 2779 5
2779 2780 1
2780 2781 1
2781 2782 5
2782 2783 2
2783 2784 4
2784 2785 5
2785 2786 5
2786 2787 2
2787 2788 4
2788 2789 4
2789 2790 4
2790 2791 5
2791 2792 1
2792 2793 1
2793 2794 3
2794 2795 1
2795 2796 4
2796 2797 1
2797 2798 2
2798 2799 4
2799 2800 5
2800 2801 4
2801 2802 4
2802 2803 4
2803 2804 2
2804 2805 1
2805 2806 2
2806 2807 5
2807 2808 3
2808 2809 5
2809 2810 2
2810 2811 5
2811 2812 5
2812 2813 1
2813 2814 1
2814 2815 1
2815 2816 5
2816 2817 3
2817 2818 1
2818 2819 5
2819 2820 5
2774 2820 2
2606 2828 64
2821 2823 3
2822 2823 1
2823 2824 5
2824 2825 1
2825 2826 4
2826 2827 4
2827 2828 5
2828 2829 1
2829 2830 3
2830 2831 1
2831 2832 2
2832 2833 1
2833 2834 4
2834 2835 4
2823 2835 3
1861 2860 19
2836 2838 1
2837 2863 1
2838 2839 4
2839 2840 4
2840 2841 1
2841 2842 3
2842 2843 3
2843 2844 3
2844 2845 1
2845 2846 5
2846 2847 4
2847 2848 4
2848 2849 1
2849 2850 3
2850 2851 5
2851 2852 4
2852 2853 3
2853 2854 2
2854 2855 2
2855 2856 5
2856 2857 2
2857 2858 5
2858 2859 4
2859 2860 5
2860 2861 1
2861 2862 2
2862 2863 4
2863 2864 3
2864 2865 1
2865 2866 4
2838 2866 5
400 2901 27
2867 2868 2
2867 2869 5
2867 2870 5
2867 2871 3
2867 2872 5
2867 2873 4
2867 2874 2
2867 2875 5
2867 2876 5
2867 2877 2
2867 2878 2
2867 2879 3
2867 2880 5
2867 2881 3
2867 2882 4
2867 2883 3
2867 2884 2
2867 2885 4
2867 2886 5
2867 2887 3
2867 2888 3
2867 2889 4
2867 2890 2
2867 2891 2
2867 2892 4
2867 2893 2
2867 2894 1
2867 2895 4
2867 2896 5
2867 2897 5
2867 2898 3
2867 2899 1
2867 2900 3
2867 2901 3
2867 2902 1
2867 2903 5
1782 2904 54
2904 2906 3
2905 2906 4
2906 2907 3
2907 2908 1
2908 2909 3
2909 2910 1
2910 2911 2
2911 2912 5
2912 2913 5
2913 2914 5
2914 2915 2
2915 2916 3
2916 2917 5
2917 2918 5
2918 2919 5
2919 2920 4
2920 2921 1
2921 2922 3
2922 2923 5
2923 2924 3
2924 2925 3
2925 2926 5
2926 2927 4
2927 2928 3
2928 2929 5
2929 2930 5
2930 2931 4
2931 2932 4
2932 2933 2
2933 2934 3
2934 2935 2
2906 2935 5
2503 2969 73
2936 2938 1
2937 2978 2
2938 2939 5
2939 2940 1
2940 2941 4
2941 2942 2
2942 2943 2
2943 2944 2
2944 2945 4
2945 2946 3
2946 2947 2
2947 2948 1
2948 2949 1
2949 2950 1
2950 2951 5
2951 2952 3
2952 2953 4
2953 2954 5
2954 2955 2
2955 2956 1
2956 2957 3
2957 2958 5
2958 2959 3
2959 2960 5
2960 2961 1
2961 2962 1
2962 2963 4
2963 2964 4
2964 2965 3
2965 2966 2
2966 2967 4
2967 2968 2
2968 2969 1
2969 2970 4
2970 2971 3
2971 2972 4
2972 2973 3
2973 2974 4
2974 2975 1
2975 2976 1
2976 2977 2
2977 2978 3
2978 2979 1
2979 2980 1
2980 2981 5
2981 2982 1
2982 2983 3
2983 2984 1
2984 2985 1
2985 2986 2
2986 2987 5
2987 2988 4
2988 2989 3
2989 2990 3
2938 2990 2
1600 3019 83
2991 2993 2
2992 2993 2
2993 2994 2
2994 2995 3
2995 2996 5
2996 2997 5
2997 2998 1
2998 2999 1
2999 3000 4
3000 3001 4
3001 3002 5
3002 3003 5
3003 3004 1
3004 3005 1
3005 3006 4
3006 3007 3
3007 3008 5
3008 3009 4
3009 3010 1
3010 3011 2
3011 3012 2
3012 3013 3
3013 3014 1
3014 3015 2
3015 3016 4
3016 3017 4
3017 3018 5
3018 3019 2
3019 3020 3
3020 3021 3
3021 3022 5
2993 3022 5
298 3041 88
3023 3025 3
3024 3025 5
3025 3026 5
3026 3027 2
3027 3028 2
3028 3029 1
3029 3030 1
3030 3031 1
3031 3032 5
3032 3033 1
3033 3034 3
3034 3035 2
3035 3036 5
3036 3037 2
3037 3038 1
3038 3039 2
3039 3040 4
3040 3041 3
3041 3042 3
3042 3043 4
3043 3044 5
3044 3045 1
3045 3046 1
3046 3047 3
3047 3048 5
3048 3049 4
3049 3050 2
3050 3051 3
3051 3052 1
3052 3053 3
3053 3054 5
3054 3055 1
3055 3056 1
3056 3057 2
3057 3058 5
3058 3059 2
3059 3060 2
3060 3061 3
3061 3062 2
3062 3063 3
3063 3064 3
3064 3065 5
3065 3066 2
3066 3067 4
3067 3068 5
3068 3069 3
3069 3070 4
3070 3071 2
3071 3072 3
3072 3073 2
3073 3074 4
3074 3075 3
3075 3076 4
3076 3077 4
3077 3078 3
3078 3079 1
3079 3080 5
3080 3081 5
3081 3082 3
3082 3083 5
3083 3084 5
3084 3085 1
3085 3086 3
3086 3087 1
3087 3088 5
3025 3088 4
337 3105 92
3089 3091 4
3090 3113 2
3091 3092 2
3092 3093 3
3093 3094 2
3094 3095 2
3095 3096 5
3096 3097 5
3097 3098 1
3098 3099 1
3099 3100 4
3100 3101 4
3101 3102 3
3102 3103 1
3103 3104 4
3104 3105 4
3105 3106 3
3106 3107 3
3107 3108 2
3108 3109 1
3109 3110 4
3110 3111 4
3111 3112 5
3112 3113 5
3113 3114 2
3114 3115 3
3115 3116 2
3116 3117 3
3117 3118 5
3118 3119 5
3119 3120 5
3120 3121 5
3121 3122 4
3122 3123 3
3123 3124 1
3124 3125 3
3125 3126 1
3126 3127 2
3127 3128 4
3128 3129 1
3129 3130 2
3130 3131 4
3131 3132 3
3132 3133 5
3133 3134 5
3134 3135 5
3135 3136 2
3136 3137 4
3137 3138 2
3138 3139 2
3139 3140 3
3140 3141 1
3141 3142 2
3142 3143 1
3143 3144 2
3144 3145 1
3145 3146 2
3146 3147 4
3147 3148 4
3148 3149 1
3149 3150 1
3150 3151 5
3151 3152 2
3152 3153 4
3153 3154 2
3154 3155 1
3155 3156 2
3156 3157 4
3157 3158 4
3158 3159 2
3159 3160 4
3160 3161 3
3161 3162 1
3162 3163 4
3163 3164 2
3164 3165 2
3165 3166 4
3166 3167 3
3167 3168 3
3091 3168 3
887 3200 66
3169 3171 5
3170 3171 2
3171 3172 2
3172 3173 5
3173 3174 1
3174 3175 4
3175 3176 3
3176 3177 4
3177 3178 3
3178 3179 5
3179 3180 2
3180 3181 4
3181 3182 5
3182 3183 3
3183 3184 1
3184 3185 4
3185 3186 5
3186 3187 1
3187 3188 1
3188 3189 1
3189 3190 4
3190 3191 5
3191 3192 5
3192 3193 1
3193 3194 5
3194 3195 3
3195 3196 2
3196 3197 1
3197 3198 1
3198 3199 3
3199 3200 3
3200 3201 2
3201 3202 5
3202 3203 3
3203 3204 4
3204 3205 3
3205 3206 3
3206 3207 3
3207 3208 3
3208 3209 4
3209 3210 2
3210 3211 2
3211 3212 2
3212 3213 1
3213 3214 4
3214 3215 3
3215 3216 3
3216 3217 4
3217 3218 1
3218 3219 1
3219 3220 2
3220 3221 1
3221 3222 5
3222 3223 5
3223 3224 4
3224 3225 4
3225 3226 2
3226 3227 4
3227 3228 5
3228 3229 5
3229 3230 3
3230 3231 2
3231 3232 1
3232 3233 1
3233 3234 5
3234 3235 2
3235 3236 5
3236 3237 4
3237 3238 3
3238 3239 3
3171 3239 5
1134 3274 77
3240 3242 3
3241 3242 4
3242 3243 3
3243 3244 4
3244 3245 3
3245 3246 1
3246 3247 5
3247 3248 3
3248 3249 5
3249 3250 1
3250 3251 4
3251 3252 2
3252 3253 5
3253 3254 5
3254 3255 3
3255 3256 1
3256 3257 5
3257 3258 1
3258 3259 3
3259 3260 3
3260 3261 1
3261 3262 3
3262 3263 5
3263 3264 2
3264 3265 4
3265 3266 5
3266 3267 2
3267 3268 5
3268 3269 2
3269 3270 1
3270 3271 5
3271 3272 5
3272 3273 4
3273 3274 5
3274 3275 4
3275 3276 1
3276 3277 3
3277 3278 5
3278 3279 4
3279 3280 5
3280 3281 1
3281 3282 3
3282 3283 4
3283 3284 2
3284 3285 3
3285 3286 4
3286 3287 4
3287 3288 4
3288 3289 2
3289 3290 1
3290 3291 4
3291 3292 5
3292 3293 5
3293 3294 5
3294 3295 5
3295 3296 2
3296 3297 2
3297 3298 1
3298 3299 5
3299 3300 5
3300 3301 5
3301 3302 3
3302 3303 1
3303 3304 3
3304 3305 5
3305 3306 2
3306 3307 1
3307 3308 3
3308 3309 1
3242 3309 4
364 3330 76
3310 3311 4
3310 3312 5
3310 3313 2
3310 3314 3
3310 3315 2
3310 3316 1
3310 3317 5
3310 3318 5
3310 3319 4
3311 3320 3
3311 3321 3
3311 3322 1
3311 3323 4
3311 3324 2
3311 3325 4
3311 3326 5
3311 3327 2
3311 3328 3
3312 3329 2
3312 3330 4
3312 3331 3
3312 3332 2
3312 3333 3
3312 3334 1
3312 3335 2
3312 3336 5
1175 3343 67
3337 3339 4
3338 3339 2
3339 3340 3
3340 3341 1
3341 3342 2
3342 3343 4
3343 3344 5
3344 3345 3
3345 3346 1
3346 3347 4
3347 3348 4
3348 3349 2
3349 3350 4
3350 3351 2
3351 3352 4
3352 3353 3
3353 3354 4
3354 3355 4
3355 3356 2
3356 3357 5
3357 3358 5
3358 3359 1
3359 3360 3
3360 3361 3
3361 3362 3
3362 3363 5
3363 3364 5
3364 3365 3
3365 3366 2
3366 3367 4
3339 3367 5
182 3373 50
3368 3370 5
3369 3370 5
3370 3371 3
3371 3372 3
3372 3373 2
3373 3374 1
3374 3375 3
3375 3376 2
3376 3377 1
3377 3378 5
3378 3379 3
3379 3380 4
3380 3381 2
3381 3382 1
3382 3383 5
3383 3384 5
3384 3385 3
3385 3386 5
3386 3387 5
3387 3388 2
3388 3389 3
3389 3390 5
3390 3391 3
3391 3392 5
3392 3393 1
3393 3394 4
3394 3395 3
3395 3396 3
3396 3397 1
3397 3398 2
3398 3399 5
3399 3400 3
3400 3401 1
3401 3402 5
3402 3403 5
3403 3404 3
3404 3405 1
3405 3406 3
3406 3407 1
3407 3408 2
3408 3409 4
3409 3410 2
3410 3411 3
3411 3412 1
3412 3413 1
3413 3414 4
3414 3415 4
3415 3416 2
3416 3417 2
3417 3418 3
3418 3419 1
3419 3420 4
3370 3420 2
539 3446 71
3421 3423 4
3422 3423 4
3423 3424 3
3424 3425 5
3425 3426 2
3426 3427 4
3427 3428 4
3428 3429 1
3429 3430 2
3430 3431 2
3431 3432 5
3432 3433 5
3433 3434 1
3434 3435 5
3435 3436 1
3436 3437 1
3437 3438 4
3438 3439 2
3439 3440 3
3440 3441 5
3441 3442 4
3442 3443 3
3443 3444 1
3444 3445 3
3445 3446 5
3446 3447 4
3447 3448 1
3448 3449 2
3449 3450 5
3450 3451 3
3451 3452 5
3452 3453 4
3453 3454 2
3454 3455 4
3455 3456 4
3456 3457 3
3457 3458 5
3458 3459 4
3459 3460 3
3460 3461 1
3461 3462 4
3462 3463 1
3463 3464 2
3423 3464 4
1406 3490 53
3465 3467 2
3466 3467 5
3467 3468 5
3468 3469 3
3469 3470 4
3470 3471 3
3471 3472 3
3472 3473 1
3473 3474 3
3474 3475 1
3475 3476 5
3476 3477 1
3477 3478 2
3478 3479 5
3479 3480 1
3480 3481 5
3481 3482 2
3482 3483 2
3483 3484 5
3484 3485 1
3485 3486 2
3486 3487 2
3487 3488 1
3488 3489 4
3489 3490 2
3490 3491 3
3491 3492 4
3492 3493 2
3493 3494 1
3494 3495 4
3467 3495 1
237 3545 24
3496 3497 5
3496 3498 4
3496 3499 3
3496 3500 2
3496 3501 5
3496 3502 1
3496 3503 5
3496 3504 2
3496 3505 5
3496 3506 3
3496 3507 4
3496 3508 5
3496 3509 1
3496 3510 4
3496 3511 5
3496 3512 1
3496 3513 1
3496 3514 3
3496 3515 1
3496 3516 4
3496 3517 1
3496 3518 3
3496 3519 2
3496 3520 1
3496 3521 5
3496 3522 1
3496 3523 4
3497 3524 3
3497 3525 1
3497 3526 2
3497 3527 4
3497 3528 1
3497 3529 3
3497 3530 2
3497 3531 2
3497 3532 4
3497 3533 4
3497 3534 1
3497 3535 5
3497 3536 4
3497 3537 3
3497 3538 4
3497 3539 1
3497 3540 2
3497 3541 4
3497 3542 4
3497 3543 4
3497 3544 1
3497 3545 5
3497 3546 1
3497 3547 2
3497 3548 1
3497 3549 3
3497 3550 1
3498 3551 3
1257 3578 99
3552 3553 3
3552 3554 5
3552 3555 2
3552 3556 3
3552 3557 4
3552 3558 2
3552 3559 2
3552 3560 3
3552 3561 5
3552 3562 4
3552 3563 2
3552 3564 3
3552 3565 4
3552 3566 5
3552 3567 1
3552 3568 3
3552 3569 4
3552 3570 1
3552 3571 3
3552 3572 1
3552 3573 5
3552 3574 4
3552 3575 2
3552 3576 5
3553 3577 1
3553 3578 3
3553 3579 5
3553 3580 4
3553 3581 1
3553 3582 1
3553 3583 4
3553 3584 1
3553 3585 2
3553 3586 5
3553 3587 1
3553 3588 5
3553 3589 5
3553 3590 4
3553 3591 3
3553 3592 3
3553 3593 5
3553 3594 4
3553 3595 3
3553 3596 2
3553 3597 1
3553 3598 5
3553 3599 2
895 3652 68
3600 3601 4
3600 3602 2
3600 3603 2
3600 3604 2
3600 3605 5
3600 3606 2
3600 3607 3
3600 3608 1
3600 3609 1
3600 3610 5
3600 3611 1
3600 3612 2
3600 3613 5
3600 3614 5
3600 3615 1
3600 3616 4
3600 3617 4
3600 3618 2
3600 3619 5
3600 3620 3
3600 3621 3
3600 3622 5
3600 3623 4
3600 3624 5
3600 3625 4
3600 3626 2
3600 3627 3
3600 3628 5
3600 3629 1
3601 3630 4
3601 3631 5
3601 3632 2
3601 3633 4
3601 3634 1
3601 3635 5
3601 3636 4
3601 3637 4
3601 3638 4
3601 3639 5
3601 3640 3
3601 3641 5
3601 3642 2
3601 3643 5
3601 3644 3
3601 3645 2
3601 3646 5
3601 3647 1
3601 3648 3
3601 3649 5
3601 3650 2
3601 3651 3
3601 3652 2
3601 3653 5
3601 3654 5
3601 3655 5
3601 3656 3
3601 3657 1
3601 3658 5
3602 3659 5
3602 3660 1
3602 3661 5
3602 3662 4
3602 3663 1
3602 3664 4
3602 3665 1
3602 3666 4
3602 3667 5
3602 3668 3
3602 3669 2
2759 3698 25
3670 3672 1
3671 3676 4
3672 3673 3
3673 3674 5
3674 3675 4
3675 3676 1
3676 3677 1
3677 3678 1
3678 3679 3
3679 3680 1
3680 3681 4
3681 3682 5
3682 3683 4
3683 3684 4
3684 3685 1
3685 3686 1
3686 3687 3
3687 3688 3
3688 3689 2
3689 3690 4
3690 3691 1
3691 3692 1
3692 3693 2
3693 3694 1
3694 3695 2
3695 3696 2
3696 3697 4
3697 3698 4
3698 3699 1
3699 3700 3
3700 3701 4
3701 3702 3
3702 3703 5
3672 3703 2
256 3725 4
3704 3706 4
3705 3706 2
3706 3707 5
3707 3708 5
3708 3709 1
3709 3710 5
3710 3711 1
3711 3712 1
3712 3713 1
3713 3714 1
3714 3715 1
3715 3716 5
3716 3717 1
3717 3718 5
3718 3719 3
3719 3720 2
3720 3721 5
3721 3722 1
3722 3723 1
3723 3724 1
3724 3725 3
3725 3726 3
3726 3727 2
3727 3728 5
3728 3729 4
3729 3730 2
3706 3730 5
552 3731 66
3731 3733 1
3732 3745 5
3733 3734 1
3734 3735 4
3735 3736 4
3736 3737 2
3737 3738 4
3738 3739 4
3739 3740 2
3740 3741 3
3741 3742 1
3742 3743 1
3743 3744 5
3744 3745 1
3745 3746 5
3746 3747 2
3747 3748 5
3748 3749 2
3749 3750 5
3750 3751 4
3751 3752 1
3752 3753 5
3753 3754 2
3754 3755 4
3755 3756 2
3756 3757 4
3757 3758 4
3758 3759 2
3733 3759 5
3587 3785 93
3760 3761 5
3760 3762 4
3760 3763 2
3760 3764 3
3760 3765 3
3760 3766 4
3760 3767 3
3760 3768 5
3760 3769 5
3760 3770 1
3760 3771 1
3760 3772 4
3760 3773 3
3761 3774 4
3761 3775 4
3761 3776 1
3761 3777 5
3761 3778 1
3761 3779 4
3761 3780 4
3761 3781 2
3761 3782 2
3761 3783 2
3761 3784 1
3761 3785 4
3761 3786 2
3762 3787 1
3762 3788 3
3762 3789 1
3762 3790 2
3762 3791 4
3762 3792 2
3762 3793 3
466 3812 44
3794 3796 4
3795 3796 1
3796 3797 1
3797 3798 3
3798 3799 3
3799 3800 1
3800 3801 4
3801 3802 1
3802 3803 5
3803 3804 5
3804 3805 3
3805 3806 1
3806 3807 3
3807 3808 3
3808 3809 2
3809 3810 1
3810 3811 5
3811 3812 5
3812 3813 5
3796 3813 2
2118 3832 69
3814 3816 4
3815 3816 3
3816 3817 3
3817 3818 3
3818 3819 2
3819 3820 3
3820 3821 2
3821 3822 2
3822 3823 3
3823 3824 4
3824 3825 5
3825 3826 4
3826 3827 4
3827 3828 2
3828 3829 5
3829 3830 3
3830 3831 2
3831 3832 2
3832 3833 1
3833 3834 2
3834 3835 3
3835 3836 4
3836 3837 1
3837 3838 3
3838 3839 4
3839 3840 5
3840 3841 1
3841 3842 4
3842 3843 5
3843 3844 2
3844 3845 4
3845 3846 3
3846 3847 1
3847 3848 4
3848 3849 2
3849 3850 4
3850 3851 2
3851 3852 3
3852 3853 1
3853 3854 1
3854 3855 3
3855 3856 2
3856 3857 5
3857 3858 1
3858 3859 5
3859 3860 1
3816 3860 4
2970 3909 100
3861 3862 2
3861 3863 2
3861 3864 5
3861 3865 4
3861 3866 4
3861 3867 5
3861 3868 5
3861 3869 2
3861 3870 1
3861 3871 4
3861 3872 3
3861 3873 5
3861 3874 5
3861 3875 5
3861 3876 2
3862 3877 3
3862 3878 1
3862 3879 1
3862 3880 3
3862 3881 3
3862 3882 5
3862 3883 5
3862 3884 2
3862 3885 1
3862 3886 1
3862 3887 2
3862 3888 3
3862 3889 3
3862 3890 2
3862 3891 3
3863 3892 5
3863 3893 5
3863 3894 1
3863 3895 2
3863 3896 1
3863 3897 2
3863 3898 1
3863 3899 1
3863 3900 1
3863 3901 2
3863 3902 4
3863 3903 1
3863 3904 3
3863 3905 3
3863 3906 3
3864 3907 4
3864 3908 3
3864 3909 5
3864 3910 2
3081 3934 22
3911 3912 1
3911 3913 5
3911 3914 2
3911 3915 5
3911 3916 1
3911 3917 4
3912 3918 3
3912 3919 1
3912 3920 4
3912 3921 4
3912 3922 4
3912 3923 1
3913 3924 5
3913 3925 4
3913 3926 1
3913 3927 2
3913 3928 2
3913 3929 2
3914 3930 5
3914 3931 1
3914 3932 1
3914 3933 2
3914 3934 4
3914 3935 2
3915 3936 4
3915 3937 5
3915 3938 1
3915 3939 2
3915 3940 3
3915 3941 2
3916 3942 1
3916 3943 2
3916 3944 2
3916 3945 3
3916 3946 5
3916 3947 1
3917 3948 1
3917 3949 5
3917 3950 1
3917 3951 4
3917 3952 1
3917 3953 4
3918 3954 3
3918 3955 2
3918 3956 3
3918 3957 5
3918 3958 2
3918 3959 4
3919 3960 1
3919 3961 1
3919 3962 5
3919 3963 4
3919 3964 3
3919 3965 3
3920 3966 4
3920 3967 2
3920 3968 3
3920 3969 1
3920 3970 5
3920 3971 3
3921 3972 5
3921 3973 2
3921 3974 3
3921 3975 4
3921 3976 5
2066 3982 27
3977 3978 4
3977 3979 3
3977 3980 5
3977 3981 4
3977 3982 1
3977 3983 3
3977 3984 2
3977 3985 5
3977 3986 2
3977 3987 2
3977 3988 2
3977 3989 5
3977 3990 3
3977 3991 3
3977 3992 2
3977 3993 3
3977 3994 2
3977 3995 4
3977 3996 4
3977 3997 5
3977 3998 2
3977 3999 1
3977 4000 2
3977 4001 3
3977 4002 5
3977 4003 4
3977 4004 3
3977 4005 2
3977 4006 5
3978 4007 2
3978 4008 1
3978 4009 5
3978 4010 5
3978 4011 3
3978 4012 3
3978 4013 1
3978 4014 4
3978 4015 1
3978 4016 2
3978 4017 3
3978 4018 2
3978 4019 2
3978 4020 4
3978 4021 3
3978 4022 3
3978 4023 4
3978 4024 3
3978 4025 3
3978 4026 4
3978 4027 4
3978 4028 2
3978 4029 3
3978 4030 4
3978 4031 5
3978 4032 4
3978 4033 4
3978 4034 4
3978 4035 3
3979 4036 2
3979 4037 2
3979 4038 5
3979 4039 5
3979 4040 4
123 4049 24
4041 4042 2
4041 4043 3
4041 4044 3
4041 4045 1
4041 4046 1
4041 4047 5
4041 4048 1
4041 4049 1
4041 4050 2
4041 4051 5
4041 4052 2
4041 4053 5
4041 4054 2
4041 4055 5
4041 4056 4
4041 4057 3
4041 4058 1
4041 4059 5
4041 4060 2
4041 4061 3
4041 4062 4
4041 4063 1
4041 4064 4
4041 4065 5
4041 4066 5
4041 4067 3
4041 4068 2
4041 4069 1
4041 4070 1
4041 4071 3
4041 4072 3
4042 4073 3
4042 4074 5
4042 4075 3
4042 4076 3
4042 4077 5
4042 4078 1
4042 4079 1
4042 4080 4
4042 4081 2
4042 4082 5
4042 4083 4
4042 4084 4
4042 4085 2
4042 4086 1
4042 4087 4
4042 4088 3
4042 4089 3
4042 4090 2
3805 4128 49
4091 4093 2
4092 4093 1
4093 4094 5
4094 4095 4
4095 4096 4
4096 4097 4
4097 4098 3
4098 4099 2
4099 4100 3
4100 4101 2
4101 4102 2
4102 4103 2
4103 4104 2
4104 4105 3
4105 4106 1
4106 4107 1
4107 4108 5
4108 4109 5
4109 4110 4
4110 4111 5
4111 4112 3
4112 4113 2
4113 4114 4
4114 4115 5
4115 4116 1
4116 4117 4
4117 4118 4
4118 4119 5
4119 4120 1
4120 4121 2
4121 4122 3
4122 4123 2
4123 4124 1
4124 4125 3
4125 4126 2
4126 4127 5
4127 4128 3
4128 4129 1
4129 4130 3
4130 4131 3
4131 4132 2
4132 4133 1
4133 4134 3
4134 4135 5
4135 4136 3
4136 4137 3
4137 4138 4
4093 4138 3
4055 4155 93
4139 4140 1
4139 4141 1
4139 4142 5
4139 4143 2
4139 4144 3
4139 4145 1
4139 4146 5
4139 4147 4
4139 4148 1
4139 4149 4
4139 4150 3
4139 4151 2
4139 4152 5
4139 4153 5
4139 4154 1
4139 4155 2
4139 4156 3
4139 4157 5
4140 4158 2
4140 4159 2
4140 4160 1
4140 4161 2
4140 4162 5
4140 4163 4
2752 4190 4
4164 4165 5
4164 4166 5
4164 4167 5
4164 4168 3
4164 4169 4
4164 4170 1
4164 4171 5
4164 4172 5
4164 4173 4
4164 4174 3
4164 4175 1
4164 4176 5
4164 4177 3
4164 4178 4
4164 4179 1
4164 4180 1
4164 4181 4
4164 4182 3
4164 4183 2
4164 4184 2
4164 4185 5
4164 4186 3
4165 4187 1
4165 4188 2
4165 4189 4
4165 4190 2
4165 4191 2
4165 4192 5
4165 4193 5
4165 4194 2
4165 4195 5
4165 4196 5
4165 4197 4
4165 4198 4
4165 4199 3
4165 4200 5
4165 4201 3
2890 4209 22
4202 4203 1
4202 4204 1
4202 4205 3
4202 4206 1
4202 4207 2
4202 4208 5
4202 4209 5
4202 4210 3
4202 4211 2
4202 4212 2
4202 4213 5
4202 4214 4
4202 4215 4
4202 4216 1
4202 4217 3
4202 4218 5
4202 4219 1
4202 4220 5
4202 4221 5
4202 4222 3
4202 4223 4
4202 4224 1
4202 4225 1
4202 4226 3
4202 4227 5
4202 4228 1
4202 4229 3
4202 4230 1
4202 4231 1
4202 4232 1
4202 4233 1
4202 4234 1
4202 4235 1
4202 4236 2
4202 4237 4
4202 4238 1
4202 4239 3
4202 4240 4
4202 4241 4
4203 4242 2
4203 4243 3
4203 4244 4
4203 4245 1
4203 4246 3
4203 4247 5
4203 4248 3
4203 4249 5
4203 4250 2
4203 4251 1
4203 4252 2
4203 4253 5
4203 4254 1
4203 4255 2
4203 4256 4
4203 4257 4
4203 4258 2
4203 4259 2
4203 4260 5
4203 4261 4
4203 4262 4
4203 4263 5
4203 4264 1
4203 4265 1
4203 4266 4
4203 4267 5
4203 4268 5
4203 4269 2
4203 4270 2
4203 4271 2
4203 4272 4
4203 4273 5
4203 4274 3
2866 4304 71
4275 4277 2
4276 4310 1
4277 4278 1
4278 4279 5
4279 4280 5
4280 4281 5
4281 4282 3
4282 4283 3
4283 4284 5
4284 4285 1
4285 4286 2
4286 4287 2
4287 4288 2
4288 4289 1
4289 4290 3
4290 4291 1
4291 4292 3
4292 4293 2
4293 4294 5
4294 4295 1
4295 4296 3
4296 4297 3
4297 4298 4
4298 4299 1
4299 4300 3
4300 4301 1
4301 4302 5
4302 4303 5
4303 4304 4
4304 4305 2
4305 4306 3
4306 4307 4
4307 4308 4
4308 4309 4
4309 4310 2
4310 4311 5
4311 4312 2
4312 4313 5
4313 4314 2
4314 4315 5
4315 4316 3
4277 4316 1
13 4340 17
4317 4319 4
4318 4319 2
4319 4320 3
4320 4321 1
4321 4322 4
4322 4323 1
4323 4324 5
4324 4325 3
4325 4326 1
4326 4327 3
4327 4328 5
4328 4329 1
4329 4330 3
4330 4331 4
4331 4332 4
4332 4333 1
4333 4334 5
4334 4335 5
4335 4336 2
4336 4337 5
4337 4338 2
4338 4339 3
4339 4340 2
4340 4341 2
4341 4342 3
4342 4343 2
4343 4344 3
4344 4345 3
4345 4346 3
4346 4347 3
4347 4348 1
4348 4349 4
4349 4350 4
4350 4351 3
4351 4352 5
4352 4353 2
4353 4354 2
4354 4355 3
4355 4356 2
4356 4357 4
4357 4358 1
4358 4359 2
4319 4359 4
762 4423 35
4360 4362 5
4361 4417 1
4362 4363 1
4363 4364 2
4364 4365 5
4365 4366 1
4366 4367 3
4367 4368 4
4368 4369 3
4369 4370 4
4370 4371 5
4371 4372 5
4372 4373 1
4373 4374 3
4374 4375 2
4375 4376 1
4376 4377 3
4377 4378 1
4378 4379 4
4379 4380 4
4380 4381 2
4381 4382 5
4382 4383 4
4383 4384 1
4384 4385 2
4385 4386 5
4386 4387 3
4387 4388 1
4388 4389 1
4389 4390 5
4390 4391 3
4391 4392 5
4392 4393 5
4393 4394 2
4394 4395 4
4395 4396 2
4396 4397 2
4397 4398 1
4398 4399 4
4399 4400 5
4400 4401 1
4401 4402 3
4402 4403 2
4403 4404 3
4404 4405 4
4405 4406 4
4406 4407 3
4407 4408 1
4408 4409 2
4409 4410 4
4410 4411 3
4411 4412 3
4412 4413 1
4413 4414 4
4414 4415 1
4415 4416 5
4416 4417 4
4417 4418 4
4418 4419 5
4419 4420 2
4420 4421 3
4421 4422 5
4422 4423 2
4423 4424 5
4424 4425 2
4425 4426 2
4426 4427 5
4427 4428 4
4428 4429 3
4429 4430 4
4430 4431 1
4362 4431 3
93
293 9340
3037 4463
1423 6465
3133 7743
3918 3613
200 2080
3244 2711
1953 2672
2595 4792
3382 390
1357 3772
3098 9261
3779 6322
3026 485
986 2563
1394 1438
2279 1401
2929 9550
2247 8807
554 2179
611 4156
1012 9814
2905 7126
3129 9373
3294 3756
1863 6718
1521 9515
3331 4434
2207 2795
675 3848
332 3636
3912 9600
3247 2336
606 3614
2652 6540
3634 5761
2882 5161
1225 3260
3800 5080
2918 3064
4303 3163
2573 786
2904 9909
2650 8607
2470 8006
3573 8627
565 5629
3895 2353
1114 4246
1393 6683
1914 5213
3970 7659
497 6274
3246 9092
3880 4602
3816 6635
895 4099
2574 2643
1757 5052
3179 1265
3631 4445
3228 7167
324 9405
1622 8685
1660 4809
3039 2351
3036 9021
2073 4611
3648 2073
1782 554
761 2426
3352 3035
2714 6441
2307 1284
421 8188
4412 1230
3166 1170
2706 6536
2129 9150
1501 6843
2810 8144
2489 2492
4243 1848
2854 6437
2656 769
2688 9615
3566 7616
925 3882
468 5930
4213 5453
4234 4471
1911 8795
1015 1187
