5014 5091
1 3 48
2 25 35
3 4 45
4 5 21
5 6 84
6 7 98
7 8 28
8 9 16
9 10 19
10 11 90
11 12 65
12 13 85
13 14 22
14 15 92
15 16 42
16 17 81
17 18 39
18 19 80
19 20 57
20 21 9
21 22 84
22 23 43
23 24 100
24 25 61
25 26 75
26 27 70
27 28 25
28 29 42
29 30 82
30 31 78
31 32 77
32 33 98
33 34 29
34 35 30
35 36 94
36 37 74
37 38 12
38 39 43
39 40 81
40 41 54
41 42 23
42 43 26
43 44 82
44 45 55
45 46 61
46 47 93
47 48 68
3 48 73
20 73 41
49 51 88
50 118 63
51 52 21
52 53 97
53 54 26
54 55 38
55 56 64
56 57 63
57 58 7
58 59 32
59 60 95
60 61 28
61 62 33
62 63 52
63 64 38
64 65 69
65 66 8
66 67 36
67 68 74
68 69 91
69 70 26
70 71 1
71 72 76
72 73 92
73 74 54
74 75 68
75 76 91
76 77 64
77 78 40
78 79 99
79 80 19
80 81 26
81 82 29
82 83 15
83 84 75
84 85 41
85 86 6
86 87 29
87 88 30
88 89 15
89 90 63
90 91 88
91 92 20
92 93 37
93 94 41
94 95 24
95 96 88
96 97 15
97 98 69
98 99 96
99 100 74
100 101 43
101 102 31
102 103 97
103 104 43
104 105 42
105 106 37
106 107 9
107 108 79
108 109 73
109 110 63
110 111 59
111 112 73
112 113 35
113 114 44
114 115 20
115 116 5
116 117 46
117 118 31
51 118 21
85 122 88
119 121 29
120 121 83
121 122 24
122 123 9
123 124 80
124 125 3
125 126 56
126 127 27
127 128 32
128 129 95
129 130 7
130 131 68
131 132 75
132 133 3
133 134 5
134 135 56
135 136 82
136 137 69
137 138 95
138 139 11
139 140 76
140 141 22
141 142 44
142 143 83
143 144 75
144 145 82
145 146 73
146 147 50
147 148 10
148 149 2
149 150 2
150 151 7
151 152 1
152 153 94
153 154 26
154 155 27
155 156 32
156 157 38
157 158 66
158 159 5
159 160 16
160 161 57
161 162 64
162 163 86
163 164 51
164 165 12
165 166 91
166 167 49
167 168 31
168 169 81
169 170 61
170 171 51
171 172 86
172 173 9
173 174 77
174 175 66
175 176 90
176 177 91
121 177 89
141 193 72
178 180 74
179 217 78
180 181 50
181 182 95
182 183 1
183 184 57
184 185 90
185 186 56
186 187 10
187 188 21
188 189 98
189 190 60
190 191 11
191 192 70
192 193 56
193 194 39
194 195 48
195 196 34
196 197 26
197 198 21
198 199 46
199 200 65
200 201 5
201 202 69
202 203 30
203 204 47
204 205 30
205 206 30
206 207 66
207 208 9
208 209 39
209 210 28
210 211 77
211 212 44
212 213 77
213 214 50
214 215 7
215 216 34
216 217 30
217 218 90
218 219 18
219 220 40
220 221 35
221 222 7
222 223 91
223 224 47
224 225 65
225 226 71
226 227 13
227 228 75
228 229 21
229 230 85
230 231 12
231 232 46
232 233 41
233 234 72
234 235 91
180 235 8
136 245 88
236 238 5
237 262 62
238 239 39
239 240 95
240 241 78
241 242 84
242 243 39
243 244 60
244 245 81
245 246 53
246 247 55
247 248 90
248 249 71
249 250 76
250 251 84
251 252 43
252 253 79
253 254 99
254 255 16
255 256 70
256 257 57
257 258 44
258 259 1
259 260 16
260 261 34
261 262 84
262 263 32
263 264 5
264 265 61
238 265 13
119 277 52
266 268 3
267 307 16
268 269 73
269 270 61
270 271 71
271 272 47
272 273 76
273 274 83
274 275 88
275 276 100
276 277 73
277 278 21
278 279 31
279 280 77
280 281 94
281 282 71
282 283 60
283 284 11
284 285 87
285 286 94
286 287 2
287 288 74
288 289 73
289 290 48
290 291 6
291 292 13
292 293 7
293 294 69
294 295 2
295 296 26
296 297 94
297 298 3
298 299 83
299 300 19
300 301 16
301 302 47
302 303 85
303 304 29
304 305 18
305 306 71
306 307 99
307 308 98
308 309 16
309 310 51
268 310 80
282 358 23
311 313 9
312 313 37
313 314 97
314 315 83
315 316 60
316 317 64
317 318 70
318 319 96
319 320 25
320 321 8
321 322 69
322 323 39
323 324 10
324 325 42
325 326 78
326 327 40
327 328 55
328 329 31
329 330 59
330 331 70
331 332 7
332 333 2
333 334 40
334 335 26
335 336 30
336 337 6
337 338 27
338 339 63
339 340 72
340 341 23
341 342 72
342 343 98
343 344 42
344 345 18
345 346 35
346 347 12
347 348 64
348 349 74
349 350 60
350 351 60
351 352 73
352 353 69
353 354 51
354 355 60
355 356 92
356 357 45
357 358 32
358 359 55
359 360 21
360 361 81
361 362 85
362 363 69
363 364 29
313 364 52
160 403 94
365 367 26
366 377 36
367 368 3
368 369 42
369 370 38
370 371 7
371 372 48
372 373 46
373 374 51
374 375 88
375 376 53
376 377 64
377 378 7
378 379 74
379 380 72
380 381 74
381 382 56
382 383 76
383 384 20
384 385 52
385 386 17
386 387 23
387 388 14
388 389 27
389 390 2
390 391 67
391 392 74
392 393 98
393 394 59
394 395 47
395 396 31
396 397 1
397 398 66
398 399 67
399 400 61
400 401 58
401 402 96
402 403 62
403 404 31
404 405 48
405 406 40
406 407 70
407 408 10
408 409 100
409 410 8
410 411 46
411 412 27
412 413 82
413 414 45
414 415 41
415 416 61
416 417 48
417 418 57
418 419 60
419 420 15
420 421 15
421 422 21
422 423 2
423 424 99
424 425 92
425 426 33
426 427 45
427 428 40
428 429 20
429 430 25
430 431 24
431 432 40
432 433 19
433 434 75
434 435 5
435 436 28
436 437 24
367 437 31
304 453 62
438 440 61
439 440 4
440 441 23
441 442 26
442 443 87
443 444 67
444 445 72
445 446 64
446 447 91
447 448 75
448 449 49
449 450 81
450 451 6
451 452 42
452 453 46
453 454 87
454 455 5
455 456 44
456 457 77
457 458 53
458 459 27
459 460 10
460 461 44
461 462 6
462 463 35
463 464 54
464 465 2
465 466 79
466 467 33
467 468 73
468 469 64
469 470 50
470 471 2
471 472 39
472 473 14
473 474 19
474 475 86
475 476 30
476 477 79
477 478 92
478 479 59
479 480 65
480 481 8
481 482 68
482 483 13
483 484 79
484 485 40
485 486 74
486 487 4
487 488 23
488 489 14
489 490 24
490 491 57
491 492 41
492 493 31
493 494 34
494 495 82
495 496 86
496 497 30
497 498 64
498 499 36
499 500 50
500 501 54
501 502 25
502 503 57
503 504 38
440 504 13
169 511 89
505 507 90
506 507 51
507 508 15
508 509 26
509 510 78
510 511 11
511 512 77
512 513 34
513 514 11
514 515 23
515 516 19
516 517 92
517 518 54
518 519 54
519 520 68
520 521 22
521 522 48
522 523 98
523 524 55
524 525 29
525 526 32
526 527 39
527 528 19
528 529 23
529 530 52
530 531 43
531 532 40
532 533 4
533 534 98
534 535 69
535 536 57
536 537 17
537 538 58
538 539 47
539 540 7
540 541 97
541 542 55
542 543 21
543 544 35
544 545 23
545 546 28
546 547 68
547 548 69
548 549 30
549 550 85
550 551 88
551 552 91
552 553 1
553 554 26
554 555 13
555 556 88
556 557 4
557 558 32
558 559 70
559 560 12
560 561 32
561 562 70
562 563 49
563 564 40
564 565 40
565 566 27
566 567 69
567 568 16
568 569 52
569 570 29
570 571 63
571 572 64
572 573 41
573 574 44
574 575 45
575 576 14
576 577 53
577 578 33
578 579 90
579 580 9
580 581 90
581 582 38
582 583 41
507 583 23
573 591 83
584 586 18
585 619 98
586 587 71
587 588 25
588 589 51
589 590 56
590 591 69
591 592 41
592 593 59
593 594 96
594 595 72
595 596 13
596 597 56
597 598 11
598 599 15
599 600 91
600 601 97
601 602 55
602 603 27
603 604 86
604 605 24
605 606 39
606 607 85
607 608 29
608 609 79
609 610 8
610 611 93
611 612 85
612 613 25
613 614 99
614 615 11
615 616 34
616 617 33
617 618 41
618 619 32
619 620 86
620 621 68
621 622 85
622 623 42
623 624 24
624 625 76
625 626 100
626 627 58
627 628 80
628 629 20
629 630 72
630 631 79
586 631 16
360 655 79
632 634 79
633 634 50
634 635 71
635 636 74
636 637 40
637 638 19
638 639 57
639 640 26
640 641 75
641 642 47
642 643 68
643 644 39
644 645 85
645 646 89
646 647 4
647 648 81
648 649 50
649 650 85
650 651 95
651 652 63
652 653 12
653 654 41
654 655 32
655 656 11
656 657 61
657 658 79
634 658 99
362 669 71
659 661 3
660 661 95
661 662 2
662 663 43
663 664 51
664 665 73
665 666 96
666 667 50
667 668 8
668 669 83
669 670 50
670 671 85
671 672 7
672 673 50
673 674 55
674 675 30
675 676 16
676 677 29
677 678 72
678 679 75
679 680 82
680 681 7
681 682 89
682 683 91
683 684 5
684 685 43
685 686 100
686 687 98
687 688 76
688 689 79
689 690 85
690 691 88
691 692 64
692 693 24
693 694 98
694 695 29
695 696 93
696 697 55
697 698 42
698 699 96
699 700 68
700 701 10
701 702 86
702 703 17
703 704 37
704 705 50
705 706 9
706 707 25
707 708 88
708 709 31
709 710 48
710 711 13
711 712 43
712 713 78
713 714 82
714 715 36
715 716 29
716 717 92
717 718 42
718 719 58
719 720 37
720 721 4
721 722 26
722 723 14
661 723 61
436 736 47
724 726 52
725 726 97
726 727 72
727 728 68
728 729 99
729 730 84
730 731 100
731 732 52
732 733 26
733 734 71
734 735 56
735 736 29
736 737 73
737 738 70
738 739 38
739 740 27
740 741 23
741 742 89
742 743 38
743 744 15
744 745 77
745 746 77
746 747 35
747 748 74
748 749 67
749 750 13
750 751 25
751 752 4
752 753 50
753 754 68
754 755 80
755 756 60
756 757 14
757 758 55
758 759 51
759 760 6
760 761 42
761 762 34
762 763 46
763 764 54
764 765 79
726 765 95
575 784 94
766 768 60
767 768 65
768 769 32
769 770 92
770 771 61
771 772 45
772 773 41
773 774 23
774 775 81
775 776 8
776 777 11
777 778 24
778 779 62
779 780 73
780 781 38
781 782 27
782 783 90
783 784 68
784 785 81
785 786 14
786 787 96
787 788 88
788 789 69
789 790 96
790 791 7
791 792 6
792 793 47
793 794 48
794 795 6
795 796 69
796 797 65
797 798 71
798 799 70
799 800 37
800 801 14
801 802 8
802 803 5
803 804 30
804 805 75
805 806 98
806 807 26
807 808 48
808 809 27
809 810 59
810 811 27
811 812 98
812 813 58
813 814 80
814 815 64
815 816 45
816 817 10
817 818 68
818 819 35
819 820 48
820 821 67
821 822 9
822 823 88
823 824 83
824 825 55
825 826 70
826 827 22
827 828 47
828 829 38
829 830 6
830 831 8
831 832 65
832 833 6
833 834 100
834 835 47
835 836 28
836 837 93
837 838 14
838 839 25
839 840 66
840 841 99
841 842 88
842 843 19
768 843 42
518 918 2
844 846 15
845 857 1
846 847 93
847 848 97
848 849 55
849 850 58
850 851 85
851 852 24
852 853 26
853 854 36
854 855 62
855 856 84
856 857 13
857 858 80
858 859 3
859 860 19
860 861 90
861 862 11
862 863 80
863 864 51
864 865 9
865 866 37
866 867 91
867 868 21
868 869 69
869 870 95
870 871 86
871 872 100
872 873 52
873 874 13
874 875 67
875 876 10
876 877 90
877 878 33
878 879 14
879 880 55
880 881 83
881 882 24
882 883 12
883 884 50
884 885 94
885 886 94
886 887 20
887 888 34
888 889 53
889 890 89
890 891 91
891 892 96
892 893 63
893 894 84
894 895 86
895 896 55
896 897 27
897 898 13
898 899 96
899 900 36
900 901 71
901 902 68
902 903 44
903 904 24
904 905 20
905 906 85
906 907 11
907 908 32
908 909 95
909 910 87
910 911 57
911 912 10
912 913 12
913 914 46
914 915 62
915 916 3
916 917 25
917 918 5
918 919 91
919 920 43
920 921 7
846 921 90
513 948 63
922 924 3
923 926 25
924 925 45
925 926 13
926 927 39
927 928 58
928 929 86
929 930 67
930 931 99
931 932 52
932 933 49
933 934 37
934 935 62
935 936 48
936 937 61
937 938 70
938 939 13
939 940 96
940 941 83
941 942 40
942 943 9
943 944 81
944 945 16
945 946 10
946 947 15
947 948 30
948 949 55
949 950 1
950 951 48
951 952 45
952 953 67
953 954 10
954 955 55
955 956 65
924 956 84
164 976 38
957 959 67
958 963 19
959 960 92
960 961 27
961 962 74
962 963 21
963 964 66
964 965 79
965 966 42
966 967 67
967 968 38
968 969 58
969 970 47
970 971 46
971 972 96
972 973 77
973 974 25
974 975 44
975 976 69
976 977 71
977 978 62
978 979 39
979 980 98
980 981 95
981 982 50
982 983 33
983 984 38
959 984 59
413 987 77
985 987 50
986 987 94
987 988 40
988 989 2
989 990 52
990 991 16
991 992 75
992 993 32
993 994 23
994 995 15
995 996 58
996 997 9
997 998 30
998 999 19
999 1000 59
1000 1001 84
1001 1002 10
1002 1003 51
1003 1004 30
1004 1005 39
1005 1006 27
1006 1007 70
1007 1008 57
1008 1009 20
1009 1010 60
1010 1011 97
1011 1012 2
1012 1013 31
1013 1014 92
1014 1015 90
1015 1016 25
1016 1017 90
1017 1018 52
1018 1019 30
1019 1020 39
1020 1021 36
1021 1022 65
1022 1023 29
1023 1024 81
1024 1025 58
1025 1026 44
1026 1027 59
1027 1028 40
1028 1029 15
1029 1030 70
1030 1031 76
1031 1032 10
1032 1033 59
1033 1034 57
1034 1035 84
1035 1036 68
1036 1037 28
1037 1038 94
1038 1039 3
1039 1040 58
1040 1041 88
1041 1042 78
1042 1043 81
987 1043 88
174 1084 30
1044 1046 97
1045 1076 59
1046 1047 88
1047 1048 1
1048 1049 30
1049 1050 12
1050 1051 89
1051 1052 95
1052 1053 3
1053 1054 95
1054 1055 48
1055 1056 47
1056 1057 31
1057 1058 13
1058 1059 6
1059 1060 49
1060 1061 61
1061 1062 46
1062 1063 59
1063 1064 7
1064 1065 66
1065 1066 17
1066 1067 43
1067 1068 71
1068 1069 45
1069 1070 79
1070 1071 44
1071 1072 88
1072 1073 7
1073 1074 7
1074 1075 37
1075 1076 9
1076 1077 23
1077 1078 27
1078 1079 11
1079 1080 11
1080 1081 97
1081 1082 94
1082 1083 49
1083 1084 53
1084 1085 69
1085 1086 44
1086 1087 13
1087 1088 81
1088 1089 98
1089 1090 1
1090 1091 7
1046 1091 66
626 1109 88
1092 1093 25
1092 1094 37
1092 1095 22
1092 1096 35
1092 1097 99
1092 1098 32
1092 1099 83
1092 1100 40
1092 1101 46
1092 1102 80
1092 1103 54
1092 1104 33
1092 1105 8
1092 1106 28
1092 1107 79
1092 1108 71
1092 1109 14
1092 1110 91
1092 1111 84
1092 1112 6
1092 1113 51
1092 1114 100
1092 1115 33
1092 1116 48
1092 1117 55
1092 1118 96
1092 1119 59
1092 1120 97
1092 1121 90
1092 1122 49
1092 1123 80
1092 1124 27
1092 1125 50
1092 1126 2
1092 1127 82
1092 1128 70
1092 1129 48
1093 1130 5
1093 1131 36
1093 1132 86
1093 1133 74
1093 1134 8
1093 1135 10
1093 1136 100
1093 1137 5
416 1159 11
1138 1140 34
1139 1172 1
1140 1141 10
1141 1142 61
1142 1143 90
1143 1144 14
1144 1145 26
1145 1146 70
1146 1147 28
1147 1148 93
1148 1149 49
1149 1150 70
1150 1151 13
1151 1152 54
1152 1153 56
1153 1154 64
1154 1155 87
1155 1156 91
1156 1157 46
1157 1158 81
1158 1159 92
1159 1160 66
1160 1161 82
1161 1162 7
1162 1163 27
1163 1164 73
1164 1165 90
1165 1166 18
1166 1167 93
1167 1168 2
1168 1169 71
1169 1170 9
1170 1171 62
1171 1172 71
1172 1173 36
1173 1174 7
1174 1175 11
1140 1175 57
213 1198 42
1176 1178 62
1177 1188 82
1178 1179 97
1179 1180 98
1180 1181 91
1181 1182 17
1182 1183 56
1183 1184 75
1184 1185 30
1185 1186 54
1186 1187 37
1187 1188 62
1188 1189 84
1189 1190 48
1190 1191 3
1191 1192 66
1192 1193 4
1193 1194 98
1194 1195 73
1195 1196 65
1196 1197 93
1197 1198 98
1198 1199 74
1199 1200 21
1200 1201 31
1201 1202 31
1202 1203 70
1203 1204 60
1204 1205 21
1205 1206 38
1206 1207 6
1207 1208 76
1208 1209 34
1209 1210 26
1210 1211 57
1211 1212 42
1212 1213 1
1213 1214 91
1178 1214 97
468 1272 95
1215 1217 29
1216 1217 7
1217 1218 30
1218 1219 1
1219 1220 24
1220 1221 34
1221 1222 36
1222 1223 22
1223 1224 65
1224 1225 23
1225 1226 92
1226 1227 10
1227 1228 15
1228 1229 15
1229 1230 21
1230 1231 71
1231 1232 91
1232 1233 6
1233 1234 62
1234 1235 82
1235 1236 50
1236 1237 56
1237 1238 28
1238 1239 57
1239 1240 46
1240 1241 63
1241 1242 97
1242 1243 4
1243 1244 47
1244 1245 83
1245 1246 28
1246 1247 46
1247 1248 65
1248 1249 47
1249 1250 5
1250 1251 46
1251 1252 34
1252 1253 64
1253 1254 19
1254 1255 99
1255 1256 26
1256 1257 8
1257 1258 51
1258 1259 27
1259 1260 81
1260 1261 96
1261 1262 28
1262 1263 5
1263 1264 9
1264 1265 48
1265 1266 64
1266 1267 16
1267 1268 20
1268 1269 58
1269 1270 35
1270 1271 84
1271 1272 64
1272 1273 11
1273 1274 75
1274 1275 67
1275 1276 26
1276 1277 55
1277 1278 38
1278 1279 30
1279 1280 70
1280 1281 30
1281 1282 24
1282 1283 34
1283 1284 59
1284 1285 2
1285 1286 91
1286 1287 6
1287 1288 66
1288 1289 71
1289 1290 51
1290 1291 81
1291 1292 6
1292 1293 73
1293 1294 46
1217 1294 27
183 1344 76
1295 1297 41
1296 1323 38
1297 1298 18
1298 1299 20
1299 1300 29
1300 1301 7
1301 1302 34
1302 1303 3
1303 1304 70
1304 1305 76
1305 1306 92
1306 1307 38
1307 1308 53
1308 1309 28
1309 1310 65
1310 1311 52
1311 1312 83
1312 1313 25
1313 1314 10
1314 1315 54
1315 1316 44
1316 1317 18
1317 1318 81
1318 1319 24
1319 1320 81
1320 1321 66
1321 1322 46
1322 1323 97
1323 1324 85
1324 1325 62
1325 1326 13
1326 1327 49
1327 1328 8
1328 1329 16
1329 1330 93
1330 1331 35
1331 1332 41
1332 1333 50
1333 1334 41
1334 1335 40
1335 1336 3
1336 1337 60
1337 1338 31
1338 1339 66
1339 1340 35
1340 1341 25
1341 1342 77
1342 1343 26
1343 1344 98
1344 1345 43
1345 1346 10
1346 1347 7
1347 1348 84
1348 1349 53
1349 1350 21
1350 1351 54
1351 1352 16
1352 1353 37
1353 1354 74
1354 1355 20
1355 1356 84
1356 1357 70
1357 1358 48
1358 1359 92
1359 1360 27
1360 1361 23
1361 1362 95
1362 1363 85
1297 1363 56
452 1373 17
1364 1366 49
1365 1384 37
1366 1367 63
1367 1368 77
1368 1369 69
1369 1370 43
1370 1371 61
1371 1372 12
1372 1373 27
1373 1374 66
1374 1375 9
1375 1376 11
1376 1377 45
1377 1378 70
1378 1379 15
1379 1380 6
1380 1381 64
1381 1382 5
1382 1383 31
1383 1384 74
1384 1385 83
1385 1386 14
1386 1387 44
1387 1388 13
1388 1389 57
1389 1390 58
1390 1391 48
1391 1392 72
1392 1393 39
1393 1394 14
1394 1395 58
1395 1396 78
1396 1397 51
1397 1398 62
1398 1399 32
1399 1400 48
1400 1401 56
1401 1402 79
1402 1403 1
1403 1404 92
1366 1404 57
98 1418 91
1405 1406 72
1405 1407 45
1405 1408 35
1405 1409 16
1405 1410 57
1405 1411 25
1405 1412 51
1405 1413 28
1405 1414 17
1405 1415 23
1405 1416 25
1405 1417 58
1405 1418 100
1405 1419 74
1405 1420 36
1405 1421 86
1405 1422 17
1405 1423 26
1405 1424 24
1405 1425 2
1405 1426 100
1406 1427 17
1406 1428 8
1406 1429 2
1406 1430 39
1406 1431 37
1406 1432 31
1406 1433 96
449 1437 6
1434 1436 77
1435 1499 8
1436 1437 67
1437 1438 2
1438 1439 48
1439 1440 57
1440 1441 44
1441 1442 48
1442 1443 61
1443 1444 47
1444 1445 63
1445 1446 67
1446 1447 1
1447 1448 76
1448 1449 80
1449 1450 44
1450 1451 50
1451 1452 16
1452 1453 100
1453 1454 19
1454 1455 79
1455 1456 94
1456 1457 30
1457 1458 71
1458 1459 67
1459 1460 64
1460 1461 56
1461 1462 55
1462 1463 65
1463 1464 86
1464 1465 90
1465 1466 8
1466 1467 29
1467 1468 98
1468 1469 5
1469 1470 33
1470 1471 98
1471 1472 22
1472 1473 59
1473 1474 57
1474 1475 70
1475 1476 95
1476 1477 56
1477 1478 81
1478 1479 26
1479 1480 36
1480 1481 12
1481 1482 10
1482 1483 16
1483 1484 86
1484 1485 49
1485 1486 27
1486 1487 76
1487 1488 36
1488 1489 17
1489 1490 83
1490 1491 67
1491 1492 24
1492 1493 83
1493 1494 90
1494 1495 62
1495 1496 37
1496 1497 34
1497 1498 75
1498 1499 65
1499 1500 13
1500 1501 43
1501 1502 24
1502 1503 23
1503 1504 92
1504 1505 15
1505 1506 94
1436 1506 3
402 1507 26
1507 1508 3
1507 1509 95
1507 1510 29
1507 1511 49
1507 1512 71
1507 1513 3
1507 1514 94
1507 1515 61
1507 1516 37
1507 1517 25
1507 1518 5
1507 1519 35
1507 1520 24
1507 1521 63
1507 1522 78
1507 1523 7
1507 1524 63
1507 1525 69
1507 1526 66
1507 1527 20
1507 1528 19
1507 1529 67
1507 1530 53
1507 1531 80
1508 1532 85
1508 1533 66
1508 1534 15
1508 1535 3
1508 1536 90
1508 1537 93
1508 1538 9
1508 1539 82
1508 1540 65
1508 1541 91
1508 1542 73
1508 1543 57
1508 1544 55
1508 1545 51
1508 1546 35
1508 1547 58
1508 1548 46
1508 1549 77
1508 1550 42
1508 1551 50
1508 1552 57
1508 1553 36
1508 1554 70
1508 1555 55
601 1601 8
1556 1558 39
1557 1577 97
1558 1559 62
1559 1560 65
1560 1561 38
1561 1562 29
1562 1563 9
1563 1564 12
1564 1565 32
1565 1566 61
1566 1567 38
1567 1568 45
1568 1569 19
1569 1570 90
1570 1571 57
1571 1572 18
1572 1573 44
1573 1574 57
1574 1575 100
1575 1576 9
1576 1577 72
1577 1578 33
1578 1579 58
1579 1580 30
1580 1581 63
1581 1582 53
1582 1583 89
1583 1584 21
1584 1585 55
1585 1586 44
1586 1587 43
1587 1588 22
1588 1589 3
1589 1590 99
1590 1591 86
1591 1592 19
1592 1593 51
1593 1594 85
1594 1595 19
1595 1596 45
1596 1597 58
1597 1598 78
1598 1599 23
1599 1600 12
1600 1601 86
1601 1602 78
1602 1603 23
1603 1604 2
1558 1604 66
991 1622 56
1605 1607 98
1606 1607 64
1607 1608 21
1608 1609 94
1609 1610 100
1610 1611 39
1611 1612 87
1612 1613 15
1613 1614 65
1614 1615 88
1615 1616 70
1616 1617 1
1617 1618 38
1618 1619 90
1619 1620 69
1620 1621 69
1621 1622 43
1622 1623 90
1623 1624 41
1624 1625 1
1625 1626 34
1626 1627 47
1627 1628 88
1628 1629 40
1629 1630 23
1630 1631 38
1631 1632 82
1632 1633 5
1633 1634 6
1634 1635 16
1635 1636 79
1636 1637 61
1637 1638 53
1638 1639 40
1639 1640 52
1640 1641 8
1641 1642 85
1642 1643 40
1643 1644 60
1644 1645 33
1645 1646 55
1646 1647 67
1647 1648 38
1648 1649 44
1649 1650 96
1650 1651 55
1651 1652 39
1607 1652 91
1041 1682 6
1653 1655 89
1654 1655 19
1655 1656 42
1656 1657 23
1657 1658 41
1658 1659 86
1659 1660 91
1660 1661 15
1661 1662 24
1662 1663 96
1663 1664 60
1664 1665 50
1665 1666 31
1666 1667 84
1667 1668 27
1668 1669 15
1669 1670 42
1670 1671 12
1671 1672 75
1672 1673 2
1673 1674 30
1674 1675 33
1675 1676 86
1676 1677 25
1677 1678 3
1678 1679 52
1679 1680 69
1680 1681 18
1681 1682 34
1682 1683 56
1683 1684 90
1684 1685 85
1685 1686 25
1686 1687 72
1687 1688 92
1688 1689 80
1689 1690 73
1690 1691 41
1691 1692 58
1692 1693 63
1693 1694 42
1694 1695 36
1695 1696 14
1696 1697 54
1697 1698 31
1698 1699 25
1655 1699 38
1395 1755 25
1700 1702 62
1701 1702 61
1702 1703 29
1703 1704 38
1704 1705 40
1705 1706 61
1706 1707 26
1707 1708 83
1708 1709 75
1709 1710 32
1710 1711 19
1711 1712 60
1712 1713 79
1713 1714 6
1714 1715 46
1715 1716 25
1716 1717 79
1717 1718 73
1718 1719 30
1719 1720 58
1720 1721 72
1721 1722 36
1722 1723 16
1723 1724 51
1724 1725 24
1725 1726 3
1726 1727 48
1727 1728 20
1728 1729 78
1729 1730 82
1730 1731 37
1731 1732 59
1732 1733 89
1733 1734 53
1734 1735 83
1735 1736 90
1736 1737 4
1737 1738 74
1738 1739 76
1739 1740 93
1740 1741 19
1741 1742 35
1742 1743 88
1743 1744 74
1744 1745 75
1745 1746 61
1746 1747 10
1747 1748 28
1748 1749 40
1749 1750 4
1750 1751 33
1751 1752 81
1752 1753 65
1753 1754 17
1754 1755 19
1755 1756 57
1756 1757 64
1757 1758 33
1758 1759 16
1759 1760 90
1760 1761 94
1761 1762 1
1762 1763 95
1763 1764 40
1764 1765 22
1765 1766 21
1702 1766 40
1467 1785 14
1767 1768 98
1767 1769 65
1767 1770 70
1767 1771 8
1767 1772 1
1767 1773 75
1767 1774 37
1767 1775 65
1767 1776 30
1767 1777 49
1767 1778 23
1767 1779 54
1767 1780 100
1768 1781 61
1768 1782 16
1768 1783 8
1768 1784 69
1768 1785 66
1768 1786 76
1768 1787 9
1768 1788 87
1768 1789 39
1768 1790 58
1768 1791 72
1768 1792 67
1768 1793 47
1769 1794 86
1769 1795 67
1769 1796 85
1769 1797 12
1769 1798 46
1769 1799 28
1769 1800 31
1769 1801 59
1769 1802 15
1769 1803 55
1769 1804 3
1769 1805 54
1769 1806 68
1770 1807 15
1770 1808 91
1770 1809 65
1770 1810 33
1770 1811 81
1770 1812 47
1770 1813 70
1770 1814 95
1770 1815 28
1770 1816 70
1770 1817 57
1770 1818 100
1770 1819 45
1771 1820 6
1771 1821 42
1771 1822 39
1771 1823 98
1771 1824 85
1771 1825 10
1771 1826 94
1771 1827 34
1771 1828 28
1771 1829 28
1673 1865 9
1830 1832 31
1831 1832 84
1832 1833 29
1833 1834 76
1834 1835 13
1835 1836 83
1836 1837 17
1837 1838 27
1838 1839 26
1839 1840 38
1840 1841 86
1841 1842 2
1842 1843 40
1843 1844 25
1844 1845 43
1845 1846 27
1846 1847 41
1847 1848 37
1848 1849 78
1849 1850 14
1850 1851 92
1851 1852 81
1852 1853 67
1853 1854 32
1854 1855 26
1855 1856 60
1856 1857 3
1857 1858 85
1858 1859 52
1859 1860 87
1860 1861 75
1861 1862 47
1862 1863 22
1863 1864 12
1864 1865 94
1865 1866 21
1866 1867 83
1832 1867 54
1757 1937 72
1868 1870 12
1869 1885 14
1870 1871 81
1871 1872 42
1872 1873 76
1873 1874 96
1874 1875 8
1875 1876 46
1876 1877 55
1877 1878 90
1878 1879 45
1879 1880 64
1880 1881 49
1881 1882 30
1882 1883 28
1883 1884 78
1884 1885 87
1885 1886 89
1886 1887 76
1887 1888 64
1888 1889 100
1889 1890 66
1890 1891 78
1891 1892 31
1892 1893 79
1893 1894 86
1894 1895 3
1895 1896 1
1896 1897 89
1897 1898 88
1898 1899 5
1899 1900 78
1900 1901 41
1901 1902 21
1902 1903 43
1903 1904 64
1904 1905 14
1905 1906 32
1906 1907 35
1907 1908 80
1908 1909 18
1909 1910 89
1910 1911 64
1911 1912 83
1912 1913 25
1913 1914 17
1914 1915 15
1915 1916 18
1916 1917 84
1917 1918 17
1918 1919 23
1919 1920 78
1920 1921 26
1921 1922 82
1922 1923 58
1923 1924 85
1924 1925 33
1925 1926 54
1926 1927 36
1927 1928 6
1928 1929 11
1929 1930 43
1930 1931 54
1931 1932 39
1932 1933 30
1933 1934 86
1934 1935 71
1935 1936 47
1936 1937 15
1937 1938 93
1938 1939 52
1939 1940 59
1940 1941 56
1870 1941 92
982 1959 46
1942 1944 30
1943 1976 86
1944 1945 79
1945 1946 26
1946 1947 54
1947 1948 30
1948 1949 40
1949 1950 7
1950 1951 15
1951 1952 84
1952 1953 52
1953 1954 92
1954 1955 86
1955 1956 58
1956 1957 10
1957 1958 31
1958 1959 88
1959 1960 83
1960 1961 92
1961 1962 20
1962 1963 83
1963 1964 75
1964 1965 82
1965 1966 56
1966 1967 71
1967 1968 86
1968 1969 31
1969 1970 5
1970 1971 46
1971 1972 19
1972 1973 96
1973 1974 82
1974 1975 53
1975 1976 43
1976 1977 18
1977 1978 31
1978 1979 32
1979 1980 75
1980 1981 17
1944 1981 30
1212 1990 74
1982 1984 41
1983 1995 48
1984 1985 99
1985 1986 45
1986 1987 93
1987 1988 57
1988 1989 23
1989 1990 5
1990 1991 93
1991 1992 7
1992 1993 81
1993 1994 90
1994 1995 33
1995 1996 75
1996 1997 71
1997 1998 5
1998 1999 24
1999 2000 86
2000 2001 19
2001 2002 7
2002 2003 96
2003 2004 50
2004 2005 7
2005 2006 25
2006 2007 43
2007 2008 56
2008 2009 55
2009 2010 49
2010 2011 53
2011 2012 30
2012 2013 30
2013 2014 39
2014 2015 49
2015 2016 48
2016 2017 96
2017 2018 43
2018 2019 14
2019 2020 54
2020 2021 95
2021 2022 78
2022 2023 64
2023 2024 38
2024 2025 88
2025 2026 30
2026 2027 71
2027 2028 84
2028 2029 88
1984 2029 58
651 2104 65
2030 2032 44
2031 2044 94
2032 2033 86
2033 2034 100
2034 2035 84
2035 2036 53
2036 2037 57
2037 2038 98
2038 2039 1
2039 2040 41
2040 2041 39
2041 2042 95
2042 2043 56
2043 2044 25
2044 2045 16
2045 2046 41
2046 2047 49
2047 2048 12
2048 2049 94
2049 2050 28
2050 2051 43
2051 2052 54
2052 2053 20
2053 2054 28
2054 2055 100
2055 2056 21
2056 2057 63
2057 2058 72
2058 2059 76
2059 2060 98
2060 2061 63
2061 2062 22
2062 2063 31
2063 2064 21
2064 2065 38
2065 2066 16
2066 2067 76
2067 2068 31
2068 2069 8
2069 2070 90
2070 2071 26
2071 2072 10
2072 2073 10
2073 2074 80
2074 2075 76
2075 2076 61
2076 2077 47
2077 2078 43
2078 2079 56
2079 2080 69
2080 2081 67
2081 2082 90
2082 2083 23
2083 2084 3
2084 2085 30
2085 2086 51
2086 2087 19
2087 2088 24
2088 2089 96
2089 2090 6
2090 2091 66
2091 2092 34
2092 2093 11
2093 2094 74
2094 2095 79
2095 2096 45
2096 2097 81
2097 2098 25
2098 2099 49
2099 2100 65
2100 2101 26
2101 2102 18
2102 2103 59
2103 2104 22
2104 2105 20
2105 2106 96
2032 2106 30
819 2123 10
2107 2109 51
2108 2126 90
2109 2110 86
2110 2111 65
2111 2112 8
2112 2113 39
2113 2114 54
2114 2115 19
2115 2116 22
2116 2117 18
2117 2118 5
2118 2119 42
2119 2120 62
2120 2121 36
2121 2122 98
2122 2123 63
2123 2124 95
2124 2125 88
2125 2126 69
2126 2127 49
2127 2128 53
2128 2129 35
2129 2130 49
2130 2131 79
2109 2131 73
994 2179 10
2132 2134 16
2133 2134 76
2134 2135 83
2135 2136 73
2136 2137 15
2137 2138 88
2138 2139 95
2139 2140 31
2140 2141 84
2141 2142 24
2142 2143 12
2143 2144 9
2144 2145 84
2145 2146 19
2146 2147 31
2147 2148 97
2148 2149 52
2149 2150 5
2150 2151 31
2151 2152 21
2152 2153 96
2153 2154 73
2154 2155 28
2155 2156 46
2156 2157 14
2157 2158 100
2158 2159 4
2159 2160 20
2160 2161 21
2161 2162 52
2162 2163 6
2163 2164 94
2164 2165 94
2165 2166 94
2166 2167 28
2167 2168 3
2168 2169 3
2169 2170 33
2170 2171 18
2171 2172 30
2172 2173 10
2173 2174 93
2174 2175 51
2175 2176 59
2176 2177 77
2177 2178 4
2178 2179 79
2179 2180 26
2180 2181 11
2181 2182 78
2182 2183 21
2183 2184 6
2184 2185 62
2185 2186 66
2186 2187 32
2187 2188 92
2188 2189 56
2189 2190 95
2190 2191 67
2191 2192 58
2192 2193 68
2193 2194 73
2194 2195 29
2195 2196 86
2196 2197 95
2197 2198 48
2134 2198 30
1433 2218 17
2199 2201 48
2200 2221 39
2201 2202 80
2202 2203 91
2203 2204 15
2204 2205 12
2205 2206 18
2206 2207 17
2207 2208 13
2208 2209 39
2209 2210 69
2210 2211 12
2211 2212 42
2212 2213 52
2213 2214 56
2214 2215 61
2215 2216 74
2216 2217 92
2217 2218 28
2218 2219 78
2219 2220 72
2220 2221 67
2221 2222 58
2222 2223 33
2223 2224 85
2224 2225 26
2225 2226 67
2226 2227 1
2227 2228 74
2228 2229 13
2229 2230 83
2230 2231 29
2231 2232 35
2232 2233 97
2233 2234 91
2234 2235 58
2235 2236 83
2236 2237 16
2237 2238 7
2238 2239 99
2239 2240 15
2240 2241 75
2241 2242 94
2242 2243 73
2243 2244 80
2244 2245 13
2245 2246 37
2246 2247 48
2247 2248 72
2248 2249 90
2201 2249 53
177 2261 100
2250 2252 70
2251 2261 99
2252 2253 71
2253 2254 100
2254 2255 24
2255 2256 62
2256 2257 7
2257 2258 97
2258 2259 47
2259 2260 87
2260 2261 99
2261 2262 17
2262 2263 59
2263 2264 52
2264 2265 84
2265 2266 53
2266 2267 59
2267 2268 89
2268 2269 61
2269 2270 88
2270 2271 96
2271 2272 64
2272 2273 86
2252 2273 60
1941 2288 44
2274 2276 12
2275 2276 51
2276 2277 38
2277 2278 94
2278 2279 51
2279 2280 1
2280 2281 67
2281 2282 55
2282 2283 65
2283 2284 74
2284 2285 84
2285 2286 34
2286 2287 81
2287 2288 13
2288 2289 56
2289 2290 53
2290 2291 81
2291 2292 91
2292 2293 65
2293 2294 4
2294 2295 93
2295 2296 61
2296 2297 3
2297 2298 100
2298 2299 23
2299 2300 3
2300 2301 22
2301 2302 26
2302 2303 61
2303 2304 92
2304 2305 54
2305 2306 93
2306 2307 46
2307 2308 30
2308 2309 30
2309 2310 2
2310 2311 67
2311 2312 66
2312 2313 70
2313 2314 39
2314 2315 35
2315 2316 77
2316 2317 23
2317 2318 48
2318 2319 36
2319 2320 51
2320 2321 79
2321 2322 46
2322 2323 88
2323 2324 82
2276 2324 97
14 2345 84
2325 2327 28
2326 2360 23
2327 2328 67
2328 2329 28
2329 2330 26
2330 2331 38
2331 2332 29
2332 2333 41
2333 2334 56
2334 2335 81
2335 2336 69
2336 2337 65
2337 2338 2
2338 2339 67
2339 2340 86
2340 2341 7
2341 2342 61
2342 2343 22
2343 2344 47
2344 2345 13
2345 2346 55
2346 2347 10
2347 2348 99
2348 2349 49
2349 2350 85
2350 2351 36
2351 2352 9
2352 2353 26
2353 2354 25
2354 2355 58
2355 2356 35
2356 2357 15
2357 2358 61
2358 2359 46
2359 2360 64
2360 2361 48
2361 2362 30
2362 2363 84
2363 2364 1
2364 2365 22
2365 2366 83
2366 2367 23
2367 2368 21
2368 2369 21
2327 2369 21
1825 2386 72
2370 2372 59
2371 2372 55
2372 2373 13
2373 2374 33
2374 2375 35
2375 2376 72
2376 2377 89
2377 2378 38
2378 2379 58
2379 2380 61
2380 2381 61
2381 2382 53
2382 2383 55
2383 2384 24
2384 2385 17
2385 2386 72
2386 2387 57
2387 2388 17
2388 2389 58
2389 2390 74
2390 2391 87
2391 2392 8
2372 2392 79
1413 2410 49
2393 2394 14
2393 2395 18
2393 2396 70
2393 2397 32
2394 2398 62
2394 2399 12
2394 2400 39
2394 2401 38
2395 2402 41
2395 2403 15
2395 2404 13
2395 2405 95
2396 2406 100
2396 2407 98
2396 2408 48
2396 2409 53
2397 2410 45
2397 2411 97
2397 2412 31
2397 2413 51
2398 2414 13
2398 2415 95
2398 2416 19
2398 2417 76
2399 2418 57
2399 2419 62
2399 2420 76
2399 2421 82
2400 2422 5
2400 2423 52
2400 2424 36
2400 2425 94
2401 2426 45
2401 2427 8
2401 2428 30
2401 2429 1
2402 2430 10
2402 2431 28
2402 2432 88
2402 2433 87
2403 2434 10
2403 2435 56
2403 2436 25
2403 2437 85
2404 2438 40
2404 2439 100
2404 2440 46
2404 2441 73
2405 2442 96
2405 2443 12
2405 2444 21
2405 2445 53
2406 2446 42
2406 2447 89
2406 2448 55
2406 2449 16
2407 2450 61
2407 2451 79
2407 2452 53
2407 2453 79
2408 2454 2
2408 2455 29
2408 2456 34
2408 2457 24
2409 2458 31
2409 2459 81
2409 2460 34
2409 2461 20
2410 2462 95
2410 2463 30
2410 2464 93
1234 2481 83
2465 2466 63
2465 2467 32
2465 2468 37
2465 2469 90
2465 2470 48
2465 2471 53
2465 2472 22
2465 2473 84
2465 2474 41
2465 2475 60
2465 2476 71
2465 2477 87
2465 2478 41
2465 2479 88
2465 2480 68
2465 2481 80
2465 2482 28
2465 2483 23
2465 2484 44
2465 2485 43
2465 2486 58
2465 2487 50
2465 2488 32
2465 2489 30
2465 2490 27
2465 2491 20
2465 2492 61
1407 2497 96
2493 2495 63
2494 2533 38
2495 2496 85
2496 2497 24
2497 2498 36
2498 2499 94
2499 2500 10
2500 2501 27
2501 2502 58
2502 2503 22
2503 2504 15
2504 2505 56
2505 2506 65
2506 2507 39
2507 2508 15
2508 2509 62
2509 2510 90
2510 2511 66
2511 2512 12
2512 2513 3
2513 2514 100
2514 2515 40
2515 2516 25
2516 2517 9
2517 2518 55
2518 2519 60
2519 2520 54
2520 2521 44
2521 2522 9
2522 2523 10
2523 2524 3
2524 2525 33
2525 2526 89
2526 2527 98
2527 2528 55
2528 2529 100
2529 2530 11
2530 2531 65
2531 2532 78
2532 2533 22
2533 2534 44
2534 2535 39
2535 2536 47
2536 2537 3
2537 2538 25
2538 2539 90
2539 2540 41
2540 2541 3
2541 2542 32
2542 2543 20
2543 2544 6
2544 2545 16
2545 2546 4
2546 2547 52
2547 2548 51
2548 2549 13
2549 2550 35
2550 2551 51
2551 2552 26
2552 2553 52
2495 2553 36
402 2567 30
2554 2556 20
2555 2600 81
2556 2557 33
2557 2558 66
2558 2559 76
2559 2560 43
2560 2561 88
2561 2562 10
2562 2563 59
2563 2564 65
2564 2565 50
2565 2566 89
2566 2567 33
2567 2568 7
2568 2569 89
2569 2570 45
2570 2571 65
2571 2572 34
2572 2573 24
2573 2574 76
2574 2575 89
2575 2576 95
2576 2577 48
2577 2578 57
2578 2579 58
2579 2580 51
2580 2581 44
2581 2582 78
2582 2583 6
2583 2584 77
2584 2585 75
2585 2586 18
2586 2587 77
2587 2588 35
2588 2589 99
2589 2590 68
2590 2591 57
2591 2592 39
2592 2593 37
2593 2594 30
2594 2595 21
2595 2596 38
2596 2597 14
2597 2598 24
2598 2599 64
2599 2600 39
2600 2601 48
2601 2602 89
2602 2603 68
2603 2604 89
2604 2605 16
2605 2606 82
2606 2607 7
2607 2608 30
2608 2609 50
2609 2610 69
2556 2610 34
195 2644 56
2611 2612 94
2611 2613 20
2611 2614 70
2611 2615 10
2611 2616 37
2611 2617 64
2611 2618 72
2611 2619 55
2611 2620 97
2611 2621 53
2611 2622 58
2611 2623 82
2611 2624 91
2611 2625 59
2611 2626 65
2611 2627 37
2611 2628 27
2611 2629 35
2611 2630 33
2611 2631 73
2611 2632 48
2611 2633 58
2611 2634 73
2611 2635 46
2611 2636 32
2611 2637 62
2612 2638 86
2612 2639 46
2612 2640 96
2612 2641 52
2612 2642 61
2612 2643 62
2612 2644 8
2612 2645 95
2612 2646 80
2612 2647 85
2612 2648 42
2612 2649 44
2612 2650 41
2612 2651 23
2612 2652 36
2612 2653 53
2612 2654 87
2612 2655 38
2612 2656 65
2612 2657 99
2612 2658 11
2612 2659 40
2612 2660 45
2612 2661 31
2612 2662 71
378 2680 10
2663 2665 62
2664 2676 2
2665 2666 13
2666 2667 13
2667 2668 22
2668 2669 93
2669 2670 64
2670 2671 96
2671 2672 73
2672 2673 59
2673 2674 51
2674 2675 75
2675 2676 14
2676 2677 17
2677 2678 8
2678 2679 100
2679 2680 77
2680 2681 66
2681 2682 96
2682 2683 88
2683 2684 48
2684 2685 83
2685 2686 73
2686 2687 24
2687 2688 91
2688 2689 45
2689 2690 86
2690 2691 93
2691 2692 8
2665 2692 15
1554 2717 91
2693 2695 57
2694 2707 6
2695 2696 33
2696 2697 96
2697 2698 91
2698 2699 92
2699 2700 69
2700 2701 95
2701 2702 95
2702 2703 43
2703 2704 60
2704 2705 95
2705 2706 60
2706 2707 73
2707 2708 64
2708 2709 81
2709 2710 80
2710 2711 36
2711 2712 30
2712 2713 11
2713 2714 69
2714 2715 9
2715 2716 67
2716 2717 41
2717 2718 86
2718 2719 99
2719 2720 82
2720 2721 73
2721 2722 26
2722 2723 20
2695 2723 78
2009 2749 13
2724 2726 21
2725 2737 19
2726 2727 49
2727 2728 100
2728 2729 34
2729 2730 96
2730 2731 5
2731 2732 74
2732 2733 32
2733 2734 86
2734 2735 32
2735 2736 42
2736 2737 6
2737 2738 68
2738 2739 67
2739 2740 70
2740 2741 99
2741 2742 50
2742 2743 10
2743 2744 4
2744 2745 9
2745 2746 3
2746 2747 64
2747 2748 71
2748 2749 91
2749 2750 52
2750 2751 3
2751 2752 20
2752 2753 35
2753 2754 62
2754 2755 7
2755 2756 65
2756 2757 97
2757 2758 96
2758 2759 5
2759 2760 15
2760 2761 64
2761 2762 100
2762 2763 61
2763 2764 3
2764 2765 48
2765 2766 49
2766 2767 49
2767 2768 50
2768 2769 39
2769 2770 52
2770 2771 97
2726 2771 7
925 2778 4
2772 2774 91
2773 2791 89
2774 2775 47
2775 2776 27
2776 2777 89
2777 2778 98
2778 2779 87
2779 2780 68
2780 2781 63
2781 2782 81
2782 2783 88
2783 2784 93
2784 2785 22
2785 2786 66
2786 2787 10
2787 2788 55
2788 2789 5
2789 2790 32
2790 2791 62
2791 2792 58
2792 2793 94
2793 2794 90
2794 2795 34
2795 2796 23
2796 2797 78
2797 2798 28
2798 2799 55
2799 2800 95
2800 2801 76
2801 2802 80
2802 2803 29
2803 2804 31
2804 2805 77
2805 2806 40
2806 2807 23
2807 2808 61
2808 2809 68
2809 2810 61
2774 2810 86
1746 2823 45
2811 2813 90
2812 2833 94
2813 2814 94
2814 2815 82
2815 2816 12
2816 2817 47
2817 2818 59
2818 2819 95
2819 2820 35
2820 2821 55
2821 2822 44
2822 2823 44
2823 2824 71
2824 2825 70
2825 2826 85
2826 2827 4
2827 2828 88
2828 2829 88
2829 2830 69
2830 2831 30
2831 2832 94
2832 2833 1
2833 2834 66
2834 2835 24
2835 2836 16
2836 2837 29
2837 2838 87
2838 2839 26
2839 2840 94
2840 2841 83
2841 2842 73
2842 2843 89
2843 2844 51
2844 2845 68
2845 2846 59
2846 2847 56
2847 2848 80
2848 2849 8
2849 2850 3
2850 2851 1
2851 2852 37
2852 2853 11
2853 2854 46
2854 2855 66
2855 2856 58
2856 2857 70
2857 2858 5
2858 2859 8
2859 2860 84
2860 2861 47
2861 2862 82
2862 2863 20
2863 2864 100
2864 2865 95
2865 2866 79
2866 2867 42
2867 2868 90
2868 2869 78
2869 2870 23
2870 2871 43
2871 2872 53
2872 2873 44
2813 2873 62
1498 2877 51
2874 2875 6
2874 2876 5
2874 2877 85
2874 2878 11
2874 2879 66
2874 2880 4
2874 2881 54
2874 2882 100
2874 2883 17
2874 2884 1
2874 2885 93
2874 2886 2
2874 2887 97
2874 2888 90
2874 2889 13
2874 2890 76
2874 2891 48
2874 2892 34
2874 2893 21
2874 2894 18
2874 2895 33
2874 2896 56
2874 2897 25
2874 2898 85
2874 2899 56
2874 2900 85
2874 2901 74
2874 2902 77
2874 2903 66
2874 2904 55
2874 2905 54
2875 2906 91
2657 2918 84
2907 2908 15
2907 2909 43
2907 2910 45
2907 2911 43
2907 2912 51
2907 2913 96
2907 2914 7
2907 2915 72
2907 2916 1
2907 2917 89
2907 2918 18
2907 2919 41
2907 2920 13
2907 2921 71
2907 2922 15
2907 2923 53
2907 2924 90
2907 2925 6
2907 2926 23
2907 2927 60
2907 2928 14
2907 2929 13
2907 2930 7
2907 2931 42
2907 2932 38
2908 2933 96
2908 2934 63
2908 2935 77
2908 2936 84
2908 2937 1
2908 2938 86
2908 2939 79
2908 2940 85
2908 2941 41
2908 2942 44
2908 2943 14
2908 2944 84
2908 2945 26
2908 2946 83
2908 2947 83
2908 2948 33
2908 2949 67
2908 2950 10
2908 2951 55
2908 2952 85
2908 2953 97
2908 2954 35
2908 2955 68
2908 2956 33
2908 2957 54
2909 2958 25
2909 2959 26
2909 2960 40
2909 2961 15
2909 2962 2
2909 2963 71
157 2984 24
2964 2965 23
2964 2966 58
2964 2967 76
2964 2968 53
2964 2969 4
2964 2970 91
2964 2971 60
2964 2972 51
2964 2973 59
2964 2974 71
2964 2975 82
2964 2976 97
2964 2977 60
2964 2978 21
2965 2979 76
2965 2980 91
2965 2981 11
2965 2982 2
2965 2983 4
2965 2984 66
2965 2985 96
2965 2986 86
2965 2987 90
2965 2988 81
2965 2989 98
2965 2990 29
2965 2991 72
2965 2992 93
2966 2993 76
2966 2994 75
2966 2995 23
2966 2996 93
2966 2997 25
2966 2998 9
2966 2999 21
2966 3000 99
2966 3001 96
2966 3002 36
2966 3003 60
2966 3004 94
2966 3005 95
2966 3006 27
2967 3007 92
2967 3008 66
2967 3009 3
2967 3010 32
2967 3011 36
2967 3012 90
2967 3013 12
2967 3014 42
2967 3015 34
2967 3016 49
2967 3017 2
2967 3018 70
2967 3019 77
2967 3020 70
2968 3021 20
2968 3022 95
2968 3023 50
2968 3024 53
2968 3025 69
2968 3026 60
2968 3027 62
2968 3028 36
2968 3029 60
2968 3030 86
2968 3031 80
2968 3032 43
2968 3033 14
2968 3034 16
1558 3049 60
3035 3037 82
3036 3059 12
3037 3038 8
3038 3039 25
3039 3040 84
3040 3041 74
3041 3042 81
3042 3043 4
3043 3044 67
3044 3045 85
3045 3046 2
3046 3047 98
3047 3048 98
3048 3049 76
3049 3050 31
3050 3051 92
3051 3052 30
3052 3053 16
3053 3054 68
3054 3055 95
3055 3056 7
3056 3057 20
3057 3058 78
3058 3059 5
3059 3060 10
3060 3061 24
3061 3062 98
3062 3063 15
3063 3064 26
3064 3065 64
3065 3066 86
3066 3067 12
3067 3068 87
3068 3069 45
3069 3070 72
3070 3071 34
3071 3072 89
3072 3073 40
3073 3074 74
3074 3075 38
3075 3076 61
3076 3077 40
3077 3078 12
3037 3078 21
1830 3138 55
3079 3081 78
3080 3096 32
3081 3082 11
3082 3083 47
3083 3084 2
3084 3085 51
3085 3086 100
3086 3087 67
3087 3088 65
3088 3089 3
3089 3090 90
3090 3091 16
3091 3092 44
3092 3093 34
3093 3094 29
3094 3095 45
3095 3096 71
3096 3097 6
3097 3098 60
3098 3099 27
3099 3100 60
3100 3101 43
3101 3102 87
3102 3103 6
3103 3104 87
3104 3105 89
3105 3106 67
3106 3107 45
3107 3108 75
3108 3109 71
3109 3110 97
3110 3111 67
3111 3112 59
3112 3113 10
3113 3114 20
3114 3115 23
3115 3116 48
3116 3117 24
3117 3118 25
3118 3119 35
3119 3120 14
3120 3121 11
3121 3122 87
3122 3123 25
3123 3124 96
3124 3125 94
3125 3126 77
3126 3127 23
3127 3128 40
3128 3129 48
3129 3130 20
3130 3131 11
3131 3132 51
3132 3133 44
3133 3134 84
3134 3135 27
3135 3136 23
3136 3137 72
3137 3138 57
3138 3139 43
3139 3140 81
3140 3141 90
3141 3142 2
3142 3143 19
3143 3144 100
3144 3145 67
3145 3146 3
3146 3147 99
3147 3148 25
3148 3149 26
3149 3150 14
3081 3150 2
2057 3180 1
3151 3152 89
3151 3153 28
3151 3154 43
3151 3155 55
3151 3156 11
3151 3157 70
3151 3158 95
3151 3159 84
3151 3160 54
3151 3161 9
3151 3162 40
3151 3163 27
3151 3164 12
3151 3165 94
3151 3166 13
3151 3167 70
3151 3168 89
3151 3169 21
3151 3170 79
3151 3171 31
3151 3172 61
3151 3173 13
3151 3174 31
3151 3175 73
3151 3176 50
3151 3177 58
3151 3178 82
3151 3179 68
3151 3180 23
3151 3181 39
3151 3182 97
3151 3183 25
3151 3184 37
3151 3185 34
3151 3186 77
3151 3187 48
3151 3188 8
3151 3189 44
3152 3190 70
907 3195 19
3191 3193 27
3192 3196 2
3193 3194 52
3194 3195 26
3195 3196 6
3196 3197 52
3197 3198 77
3198 3199 91
3199 3200 100
3200 3201 52
3201 3202 3
3202 3203 67
3203 3204 88
3204 3205 89
3205 3206 71
3206 3207 90
3207 3208 78
3208 3209 40
3209 3210 80
3210 3211 22
3211 3212 65
3212 3213 2
3213 3214 9
3214 3215 92
3215 3216 75
3216 3217 55
3217 3218 73
3218 3219 62
3219 3220 9
3220 3221 46
3221 3222 48
3222 3223 19
3223 3224 85
3193 3224 43
3040 3264 72
3225 3226 8
3225 3227 21
3225 3228 65
3225 3229 33
3225 3230 67
3225 3231 1
3225 3232 1
3225 3233 77
3226 3234 56
3226 3235 37
3226 3236 48
3226 3237 42
3226 3238 77
3226 3239 44
3226 3240 48
3226 3241 21
3227 3242 40
3227 3243 69
3227 3244 75
3227 3245 43
3227 3246 81
3227 3247 47
3227 3248 18
3227 3249 17
3228 3250 64
3228 3251 41
3228 3252 92
3228 3253 80
3228 3254 82
3228 3255 100
3228 3256 33
3228 3257 48
3229 3258 23
3229 3259 97
3229 3260 26
3229 3261 66
3229 3262 37
3229 3263 74
3229 3264 79
3229 3265 42
3232 3271 79
3266 3268 38
3267 3268 29
3268 3269 100
3269 3270 99
3270 3271 57
3271 3272 63
3272 3273 100
3273 3274 61
3274 3275 98
3275 3276 66
3276 3277 12
3277 3278 97
3278 3279 2
3279 3280 62
3280 3281 70
3281 3282 7
3282 3283 97
3283 3284 29
3284 3285 30
3285 3286 67
3286 3287 5
3287 3288 20
3288 3289 96
3289 3290 16
3290 3291 65
3291 3292 19
3292 3293 48
3293 3294 55
3294 3295 48
3295 3296 76
3296 3297 73
3297 3298 90
3298 3299 97
3299 3300 12
3300 3301 64
3301 3302 61
3302 3303 25
3303 3304 20
3304 3305 95
3305 3306 89
3306 3307 65
3307 3308 63
3308 3309 64
3309 3310 70
3310 3311 81
3311 3312 15
3312 3313 49
3313 3314 84
3314 3315 81
3315 3316 67
3316 3317 2
3317 3318 55
3318 3319 25
3319 3320 77
3320 3321 22
3321 3322 37
3322 3323 90
3323 3324 85
3324 3325 36
3325 3326 34
3326 3327 86
3327 3328 72
3328 3329 74
3329 3330 90
3330 3331 79
3331 3332 9
3332 3333 47
3333 3334 82
3334 3335 76
3335 3336 31
3336 3337 72
3337 3338 91
3268 3338 28
1550 3339 96
3339 3340 45
3339 3341 39
3339 3342 67
3339 3343 55
3339 3344 4
3339 3345 91
3339 3346 64
3339 3347 50
3339 3348 52
3339 3349 43
3339 3350 47
3339 3351 14
3339 3352 85
3339 3353 87
3339 3354 34
3339 3355 30
3340 3356 31
3340 3357 23
3340 3358 1
3340 3359 38
3340 3360 14
3340 3361 6
3340 3362 32
3340 3363 22
3340 3364 34
3340 3365 59
3340 3366 99
3340 3367 38
3340 3368 51
3340 3369 85
3340 3370 26
3340 3371 77
3341 3372 18
3341 3373 55
3341 3374 74
3341 3375 41
3341 3376 43
3341 3377 39
3341 3378 99
3341 3379 24
3341 3380 67
3341 3381 73
3341 3382 34
3341 3383 63
3341 3384 86
3341 3385 98
3341 3386 63
3341 3387 62
3342 3388 32
3342 3389 68
3342 3390 68
2334 3404 99
3391 3393 24
3392 3412 16
3393 3394 9
3394 3395 27
3395 3396 24
3396 3397 24
3397 3398 24
3398 3399 89
3399 3400 31
3400 3401 58
3401 3402 57
3402 3403 10
3403 3404 77
3404 3405 56
3405 3406 77
3406 3407 71
3407 3408 34
3408 3409 3
3409 3410 19
3410 3411 55
3411 3412 30
3412 3413 6
3413 3414 88
3414 3415 7
3415 3416 97
3416 3417 89
3417 3418 88
3418 3419 34
3419 3420 5
3420 3421 2
3421 3422 23
3422 3423 89
3423 3424 34
3424 3425 57
3425 3426 26
3426 3427 100
3427 3428 19
3428 3429 41
3393 3429 50
2988 3465 94
3430 3432 50
3431 3432 81
3432 3433 72
3433 3434 43
3434 3435 15
3435 3436 49
3436 3437 80
3437 3438 11
3438 3439 94
3439 3440 92
3440 3441 52
3441 3442 20
3442 3443 63
3443 3444 44
3444 3445 43
3445 3446 67
3446 3447 87
3447 3448 18
3448 3449 82
3449 3450 80
3450 3451 96
3451 3452 49
3452 3453 40
3453 3454 42
3454 3455 20
3455 3456 53
3456 3457 35
3457 3458 87
3458 3459 63
3459 3460 16
3460 3461 39
3461 3462 49
3462 3463 69
3463 3464 91
3464 3465 27
3465 3466 28
3466 3467 70
3467 3468 37
3468 3469 64
3469 3470 13
3470 3471 59
3471 3472 11
3472 3473 84
3473 3474 79
3474 3475 25
3475 3476 53
3476 3477 100
3477 3478 5
3478 3479 88
3432 3479 7
2215 3497 47
3480 3481 12
3480 3482 9
3480 3483 59
3480 3484 8
3480 3485 66
3480 3486 50
3480 3487 16
3480 3488 4
3480 3489 33
3480 3490 97
3480 3491 83
3481 3492 55
3481 3493 62
3481 3494 46
3481 3495 6
3481 3496 84
3481 3497 4
3481 3498 43
3481 3499 48
3481 3500 27
3481 3501 99
3481 3502 4
1266 3515 73
3503 3505 41
3504 3522 44
3505 3506 62
3506 3507 50
3507 3508 32
3508 3509 87
3509 3510 10
3510 3511 79
3511 3512 39
3512 3513 33
3513 3514 28
3514 3515 93
3515 3516 47
3516 3517 96
3517 3518 7
3518 3519 14
3519 3520 1
3520 3521 22
3521 3522 29
3522 3523 68
3523 3524 10
3524 3525 38
3525 3526 22
3526 3527 55
3527 3528 20
3528 3529 76
3529 3530 57
3530 3531 66
3531 3532 78
3532 3533 61
3533 3534 33
3534 3535 1
3535 3536 94
3536 3537 91
3505 3537 1
33 3542 69
3538 3540 31
3539 3540 14
3540 3541 97
3541 3542 69
3542 3543 94
3543 3544 34
3544 3545 45
3545 3546 32
3546 3547 13
3547 3548 91
3548 3549 50
3549 3550 34
3550 3551 20
3551 3552 79
3552 3553 45
3553 3554 38
3554 3555 62
3555 3556 65
3556 3557 56
3557 3558 80
3558 3559 39
3559 3560 46
3560 3561 37
3561 3562 28
3562 3563 40
3563 3564 79
3564 3565 23
3565 3566 48
3566 3567 55
3567 3568 22
3568 3569 74
3569 3570 78
3570 3571 83
3571 3572 8
3572 3573 12
3573 3574 38
3574 3575 33
3575 3576 46
3576 3577 51
3577 3578 18
3578 3579 64
3579 3580 87
3580 3581 76
3540 3581 32
357 3605 72
3582 3584 5
3583 3611 13
3584 3585 44
3585 3586 14
3586 3587 25
3587 3588 35
3588 3589 67
3589 3590 1
3590 3591 11
3591 3592 68
3592 3593 34
3593 3594 14
3594 3595 36
3595 3596 31
3596 3597 38
3597 3598 89
3598 3599 72
3599 3600 27
3600 3601 56
3601 3602 64
3602 3603 54
3603 3604 31
3604 3605 59
3605 3606 28
3606 3607 53
3607 3608 98
3608 3609 60
3609 3610 34
3610 3611 76
3611 3612 45
3612 3613 49
3613 3614 32
3614 3615 31
3615 3616 12
3616 3617 10
3617 3618 80
3618 3619 82
3619 3620 65
3620 3621 62
3621 3622 53
3622 3623 11
3623 3624 34
3624 3625 91
3625 3626 13
3626 3627 12
3627 3628 69
3628 3629 93
3629 3630 65
3630 3631 95
3631 3632 83
3632 3633 79
3633 3634 27
3634 3635 87
3635 3636 2
3636 3637 4
3637 3638 64
3638 3639 42
3639 3640 33
3640 3641 16
3641 3642 65
3584 3642 14
928 3670 5
3643 3645 32
3644 3676 30
3645 3646 93
3646 3647 74
3647 3648 9
3648 3649 24
3649 3650 19
3650 3651 56
3651 3652 24
3652 3653 14
3653 3654 12
3654 3655 50
3655 3656 70
3656 3657 36
3657 3658 87
3658 3659 98
3659 3660 58
3660 3661 24
3661 3662 66
3662 3663 14
3663 3664 15
3664 3665 67
3665 3666 37
3666 3667 87
3667 3668 80
3668 3669 35
3669 3670 44
3670 3671 5
3671 3672 61
3672 3673 27
3673 3674 20
3674 3675 83
3675 3676 59
3676 3677 33
3677 3678 64
3678 3679 81
3679 3680 14
3680 3681 3
3681 3682 44
3682 3683 89
3683 3684 72
3684 3685 27
3685 3686 88
3686 3687 84
3687 3688 27
3688 3689 54
3689 3690 79
3690 3691 62
3691 3692 97
3692 3693 65
3693 3694 43
3694 3695 52
3695 3696 82
3696 3697 84
3697 3698 27
3698 3699 1
3699 3700 67
3700 3701 97
3701 3702 30
3702 3703 92
3645 3703 98
1176 3709 75
3704 3705 91
3704 3706 30
3704 3707 24
3704 3708 42
3704 3709 65
3704 3710 12
3704 3711 72
3704 3712 6
3704 3713 14
3704 3714 62
3704 3715 63
3704 3716 4
3704 3717 11
3704 3718 53
3704 3719 13
3704 3720 61
3704 3721 17
3704 3722 88
3704 3723 73
3704 3724 89
3704 3725 17
3704 3726 14
3705 3727 75
3705 3728 61
3423 3791 87
3729 3731 19
3730 3758 21
3731 3732 73
3732 3733 69
3733 3734 21
3734 3735 76
3735 3736 31
3736 3737 55
3737 3738 49
3738 3739 29
3739 3740 9
3740 3741 56
3741 3742 25
3742 3743 8
3743 3744 60
3744 3745 90
3745 3746 42
3746 3747 94
3747 3748 69
3748 3749 31
3749 3750 50
3750 3751 64
3751 3752 16
3752 3753 38
3753 3754 92
3754 3755 86
3755 3756 65
3756 3757 16
3757 3758 45
3758 3759 85
3759 3760 30
3760 3761 22
3761 3762 8
3762 3763 72
3763 3764 76
3764 3765 71
3765 3766 92
3766 3767 18
3767 3768 76
3768 3769 49
3769 3770 77
3770 3771 89
3771 3772 23
3772 3773 22
3773 3774 11
3774 3775 89
3775 3776 51
3776 3777 73
3777 3778 91
3778 3779 100
3779 3780 9
3780 3781 90
3781 3782 58
3782 3783 99
3783 3784 30
3784 3785 97
3785 3786 72
3786 3787 81
3787 3788 9
3788 3789 58
3789 3790 66
3790 3791 64
3791 3792 96
3792 3793 94
3793 3794 86
3794 3795 39
3795 3796 75
3796 3797 28
3797 3798 17
3798 3799 26
3799 3800 70
3800 3801 6
3801 3802 60
3802 3803 91
3803 3804 47
3804 3805 57
3805 3806 47
3731 3806 98
954 3837 78
3807 3809 8
3808 3809 11
3809 3810 76
3810 3811 82
3811 3812 58
3812 3813 70
3813 3814 28
3814 3815 15
3815 3816 87
3816 3817 26
3817 3818 1
3818 3819 77
3819 3820 85
3820 3821 17
3821 3822 67
3822 3823 92
3823 3824 68
3824 3825 9
3825 3826 49
3826 3827 21
3827 3828 68
3828 3829 1
3829 3830 81
3830 3831 13
3831 3832 24
3832 3833 14
3833 3834 10
3834 3835 63
3835 3836 31
3836 3837 40
3837 3838 82
3838 3839 24
3839 3840 85
3840 3841 88
3809 3841 33
2331 3897 48
3842 3844 85
3843 3897 25
3844 3845 7
3845 3846 44
3846 3847 52
3847 3848 50
3848 3849 82
3849 3850 88
3850 3851 50
3851 3852 12
3852 3853 85
3853 3854 38
3854 3855 36
3855 3856 41
3856 3857 7
3857 3858 56
3858 3859 72
3859 3860 41
3860 3861 88
3861 3862 74
3862 3863 60
3863 3864 17
3864 3865 3
3865 3866 49
3866 3867 47
3867 3868 87
3868 3869 82
3869 3870 45
3870 3871 60
3871 3872 55
3872 3873 30
3873 3874 16
3874 3875 79
3875 3876 37
3876 3877 12
3877 3878 79
3878 3879 68
3879 3880 68
3880 3881 6
3881 3882 1
3882 3883 50
3883 3884 79
3884 3885 70
3885 3886 47
3886 3887 9
3887 3888 31
3888 3889 27
3889 3890 57
3890 3891 39
3891 3892 92
3892 3893 63
3893 3894 59
3894 3895 32
3895 3896 17
3896 3897 43
3897 3898 97
3898 3899 22
3899 3900 15
3900 3901 32
3901 3902 5
3902 3903 57
3903 3904 95
3904 3905 99
3905 3906 16
3906 3907 37
3907 3908 16
3908 3909 32
3909 3910 66
3910 3911 10
3911 3912 43
3912 3913 58
3913 3914 49
3844 3914 3
3023 3928 14
3915 3916 8
3915 3917 90
3915 3918 57
3915 3919 10
3915 3920 28
3915 3921 87
3915 3922 69
3915 3923 82
3915 3924 65
3915 3925 10
3915 3926 63
3915 3927 98
3915 3928 87
3915 3929 18
3915 3930 73
3915 3931 55
3915 3932 45
3915 3933 82
3915 3934 42
3915 3935 51
3915 3936 7
3915 3937 7
3915 3938 28
3915 3939 13
3915 3940 63
3915 3941 52
3915 3942 79
3915 3943 84
3915 3944 99
3915 3945 39
3915 3946 64
3915 3947 100
3915 3948 30
3915 3949 53
3915 3950 2
3915 3951 87
3916 3952 14
3916 3953 76
3916 3954 83
3916 3955 59
3916 3956 16
3916 3957 76
3916 3958 52
3916 3959 43
3916 3960 38
3916 3961 85
3317 3973 72
3962 3964 74
3963 3981 99
3964 3965 69
3965 3966 3
3966 3967 83
3967 3968 3
3968 3969 47
3969 3970 94
3970 3971 85
3971 3972 18
3972 3973 57
3973 3974 3
3974 3975 44
3975 3976 22
3976 3977 39
3977 3978 30
3978 3979 93
3979 3980 19
3980 3981 98
3981 3982 16
3964 3982 74
351 4049 18
3983 3985 69
3984 4008 85
3985 3986 46
3986 3987 8
3987 3988 59
3988 3989 30
3989 3990 64
3990 3991 50
3991 3992 99
3992 3993 58
3993 3994 54
3994 3995 71
3995 3996 43
3996 3997 9
3997 3998 89
3998 3999 41
3999 4000 93
4000 4001 80
4001 4002 33
4002 4003 86
4003 4004 87
4004 4005 5
4005 4006 10
4006 4007 38
4007 4008 94
4008 4009 4
4009 4010 49
4010 4011 63
4011 4012 56
4012 4013 35
4013 4014 46
4014 4015 60
4015 4016 34
4016 4017 20
4017 4018 8
4018 4019 26
4019 4020 34
4020 4021 52
4021 4022 99
4022 4023 90
4023 4024 94
4024 4025 25
4025 4026 34
4026 4027 83
4027 4028 67
4028 4029 39
4029 4030 72
4030 4031 71
4031 4032 68
4032 4033 48
4033 4034 58
4034 4035 36
4035 4036 81
4036 4037 13
4037 4038 45
4038 4039 79
4039 4040 94
4040 4041 8
4041 4042 62
4042 4043 86
4043 4044 8
4044 4045 45
4045 4046 10
4046 4047 71
4047 4048 20
4048 4049 41
4049 4050 74
4050 4051 9
4051 4052 22
4052 4053 58
3985 4053 46
2498 4076 81
4054 4056 64
4055 4073 71
4056 4057 29
4057 4058 35
4058 4059 80
4059 4060 67
4060 4061 13
4061 4062 25
4062 4063 40
4063 4064 54
4064 4065 29
4065 4066 49
4066 4067 88
4067 4068 47
4068 4069 92
4069 4070 67
4070 4071 67
4071 4072 51
4072 4073 76
4073 4074 21
4074 4075 68
4075 4076 31
4076 4077 7
4077 4078 55
4078 4079 98
4079 4080 76
4080 4081 62
4081 4082 36
4082 4083 87
4083 4084 81
4084 4085 41
4085 4086 70
4086 4087 8
4087 4088 56
4088 4089 63
4089 4090 67
4090 4091 99
4091 4092 74
4092 4093 70
4093 4094 72
4094 4095 95
4095 4096 4
4096 4097 73
4097 4098 25
4098 4099 6
4099 4100 95
4100 4101 59
4101 4102 91
4056 4102 38
531 4122 15
4103 4104 58
4103 4105 48
4103 4106 31
4103 4107 50
4103 4108 73
4104 4109 69
4104 4110 45
4104 4111 56
4104 4112 31
4104 4113 10
4105 4114 82
4105 4115 61
4105 4116 31
4105 4117 86
4105 4118 55
4106 4119 3
4106 4120 35
4106 4121 16
4106 4122 94
4106 4123 51
4107 4124 59
2908 4153 40
4125 4127 29
4126 4167 9
4127 4128 43
4128 4129 90
4129 4130 95
4130 4131 6
4131 4132 61
4132 4133 69
4133 4134 87
4134 4135 28
4135 4136 20
4136 4137 44
4137 4138 36
4138 4139 21
4139 4140 75
4140 4141 8
4141 4142 18
4142 4143 35
4143 4144 81
4144 4145 84
4145 4146 29
4146 4147 26
4147 4148 70
4148 4149 36
4149 4150 55
4150 4151 29
4151 4152 42
4152 4153 13
4153 4154 85
4154 4155 19
4155 4156 21
4156 4157 97
4157 4158 26
4158 4159 61
4159 4160 24
4160 4161 7
4161 4162 71
4162 4163 73
4163 4164 53
4164 4165 95
4165 4166 58
4166 4167 90
4167 4168 99
4168 4169 25
4169 4170 29
4170 4171 16
4171 4172 96
4172 4173 80
4173 4174 50
4174 4175 50
4175 4176 98
4176 4177 20
4177 4178 47
4178 4179 93
4179 4180 55
4180 4181 6
4181 4182 9
4182 4183 11
4127 4183 32
804 4202 76
4184 4185 50
4184 4186 68
4184 4187 52
4184 4188 13
4184 4189 23
4184 4190 38
4184 4191 18
4184 4192 45
4184 4193 57
4184 4194 12
4184 4195 60
4185 4196 14
4185 4197 30
4185 4198 60
4185 4199 49
4185 4200 35
4185 4201 73
4185 4202 49
4185 4203 50
4185 4204 48
4185 4205 33
4185 4206 81
4186 4207 88
4186 4208 91
4186 4209 9
4186 4210 93
4186 4211 8
4186 4212 68
4186 4213 98
4186 4214 89
4186 4215 82
4186 4216 57
4186 4217 69
4187 4218 1
2217 4236 47
4219 4220 47
4219 4221 48
4219 4222 37
4219 4223 70
4219 4224 27
4219 4225 87
4219 4226 29
4219 4227 1
4219 4228 82
4219 4229 30
4219 4230 93
4219 4231 8
4219 4232 13
4219 4233 38
4219 4234 12
4219 4235 29
4219 4236 30
4219 4237 57
4219 4238 67
4219 4239 35
4219 4240 47
4219 4241 47
4220 4242 44
4220 4243 51
4220 4244 50
4220 4245 57
4220 4246 70
4220 4247 9
4220 4248 75
4220 4249 22
4220 4250 86
4220 4251 5
4220 4252 85
4220 4253 85
4220 4254 12
4220 4255 7
4220 4256 90
4220 4257 94
4220 4258 7
4220 4259 56
4220 4260 59
4220 4261 32
4220 4262 19
4220 4263 53
4221 4264 75
4221 4265 2
4221 4266 49
4221 4267 99
4221 4268 15
4221 4269 86
4221 4270 26
680 4318 4
4271 4273 58
4272 4292 63
4273 4274 23
4274 4275 58
4275 4276 91
4276 4277 73
4277 4278 25
4278 4279 42
4279 4280 39
4280 4281 60
4281 4282 92
4282 4283 92
4283 4284 51
4284 4285 68
4285 4286 73
4286 4287 74
4287 4288 26
4288 4289 25
4289 4290 14
4290 4291 84
4291 4292 23
4292 4293 49
4293 4294 16
4294 4295 79
4295 4296 19
4296 4297 47
4297 4298 30
4298 4299 14
4299 4300 76
4300 4301 6
4301 4302 80
4302 4303 46
4303 4304 62
4304 4305 29
4305 4306 43
4306 4307 44
4307 4308 26
4308 4309 14
4309 4310 15
4310 4311 90
4311 4312 65
4312 4313 22
4313 4314 66
4314 4315 24
4315 4316 51
4316 4317 30
4317 4318 30
4318 4319 40
4319 4320 91
4320 4321 88
4321 4322 36
4322 4323 29
4323 4324 65
4324 4325 72
4273 4325 28
3660 4342 45
4326 4327 68
4326 4328 19
4326 4329 36
4326 4330 42
4327 4331 49
4327 4332 78
4327 4333 36
4327 4334 49
4328 4335 95
4328 4336 27
4328 4337 73
4328 4338 26
4329 4339 11
4329 4340 1
4329 4341 22
4329 4342 59
4330 4343 98
4330 4344 9
4330 4345 34
4330 4346 42
4331 4347 98
4331 4348 80
4331 4349 10
4331 4350 99
4332 4351 12
4332 4352 52
4332 4353 58
4332 4354 31
4333 4355 92
4333 4356 93
4333 4357 19
4333 4358 66
4334 4359 76
4334 4360 21
4334 4361 46
4334 4362 81
4335 4363 22
4335 4364 26
4335 4365 1
4335 4366 80
4336 4367 72
4336 4368 93
4336 4369 68
3489 4388 78
4370 4371 74
4370 4372 35
4370 4373 72
4370 4374 79
4370 4375 95
4370 4376 98
4370 4377 53
4370 4378 22
4370 4379 100
4370 4380 72
4370 4381 36
4370 4382 86
4370 4383 17
4370 4384 48
4370 4385 65
4370 4386 86
4370 4387 13
4370 4388 97
4370 4389 42
4371 4390 44
4371 4391 2
4371 4392 64
4371 4393 15
4371 4394 67
4371 4395 42
4371 4396 22
4371 4397 24
4371 4398 67
4371 4399 63
4371 4400 30
4371 4401 77
4371 4402 13
4371 4403 11
4371 4404 74
4371 4405 52
4371 4406 22
4371 4407 14
4371 4408 22
4372 4409 97
4372 4410 66
4372 4411 26
4372 4412 87
4372 4413 35
4372 4414 24
4372 4415 58
4372 4416 33
4372 4417 5
4372 4418 86
4372 4419 89
4372 4420 64
4372 4421 90
4372 4422 2
4372 4423 12
4372 4424 43
4372 4425 78
4372 4426 45
4372 4427 27
4230 4481 34
4428 4429 23
4428 4430 96
4428 4431 71
4428 4432 73
4428 4433 72
4428 4434 22
4428 4435 28
4428 4436 21
4428 4437 76
4428 4438 35
4429 4439 67
4429 4440 76
4429 4441 71
4429 4442 72
4429 4443 53
4429 4444 72
4429 4445 36
4429 4446 2
4429 4447 87
4429 4448 9
4430 4449 68
4430 4450 28
4430 4451 35
4430 4452 53
4430 4453 46
4430 4454 58
4430 4455 78
4430 4456 28
4430 4457 82
4430 4458 83
4431 4459 31
4431 4460 2
4431 4461 62
4431 4462 53
4431 4463 26
4431 4464 89
4431 4465 37
4431 4466 89
4431 4467 83
4431 4468 90
4432 4469 52
4432 4470 18
4432 4471 90
4432 4472 57
4432 4473 4
4432 4474 50
4432 4475 33
4432 4476 69
4432 4477 27
4432 4478 13
4433 4479 25
4433 4480 12
4433 4481 95
4433 4482 34
4433 4483 18
4433 4484 99
4433 4485 46
4433 4486 9
4433 4487 59
4433 4488 8
4434 4489 33
4434 4490 70
4434 4491 24
4434 4492 32
4434 4493 45
4434 4494 43
4434 4495 65
4434 4496 88
4434 4497 14
4434 4498 2
4435 4499 36
4435 4500 85
4435 4501 86
4435 4502 4
4435 4503 54
4435 4504 84
4437 4539 65
4505 4507 43
4506 4549 71
4507 4508 32
4508 4509 86
4509 4510 34
4510 4511 79
4511 4512 48
4512 4513 75
4513 4514 35
4514 4515 63
4515 4516 97
4516 4517 99
4517 4518 42
4518 4519 21
4519 4520 43
4520 4521 99
4521 4522 66
4522 4523 2
4523 4524 27
4524 4525 21
4525 4526 24
4526 4527 87
4527 4528 22
4528 4529 26
4529 4530 9
4530 4531 58
4531 4532 52
4532 4533 68
4533 4534 93
4534 4535 3
4535 4536 47
4536 4537 62
4537 4538 16
4538 4539 95
4539 4540 42
4540 4541 74
4541 4542 2
4542 4543 23
4543 4544 24
4544 4545 94
4545 4546 27
4546 4547 14
4547 4548 20
4548 4549 53
4549 4550 31
4550 4551 83
4551 4552 42
4552 4553 37
4553 4554 37
4554 4555 7
4555 4556 41
4556 4557 60
4557 4558 23
4558 4559 88
4507 4559 82
2212 4591 57
4560 4562 93
4561 4562 46
4562 4563 81
4563 4564 69
4564 4565 10
4565 4566 91
4566 4567 12
4567 4568 79
4568 4569 25
4569 4570 70
4570 4571 54
4571 4572 21
4572 4573 86
4573 4574 11
4574 4575 37
4575 4576 69
4576 4577 88
4577 4578 54
4578 4579 100
4579 4580 89
4580 4581 88
4581 4582 75
4582 4583 32
4583 4584 77
4584 4585 12
4585 4586 13
4586 4587 48
4587 4588 67
4588 4589 19
4589 4590 69
4590 4591 66
4591 4592 32
4592 4593 93
4593 4594 1
4594 4595 9
4595 4596 14
4596 4597 89
4597 4598 8
4598 4599 11
4599 4600 40
4600 4601 31
4601 4602 87
4602 4603 60
4603 4604 60
4604 4605 27
4605 4606 34
4606 4607 62
4607 4608 86
4608 4609 45
4609 4610 7
4610 4611 92
4611 4612 23
4612 4613 33
4562 4613 66
1955 4615 19
4614 4616 4
4615 4628 83
4616 4617 78
4617 4618 36
4618 4619 34
4619 4620 43
4620 4621 18
4621 4622 3
4622 4623 14
4623 4624 72
4624 4625 62
4625 4626 27
4626 4627 22
4627 4628 83
4628 4629 14
4629 4630 1
4630 4631 24
4631 4632 71
4632 4633 10
4633 4634 80
4634 4635 75
4635 4636 66
4616 4636 85
192 4643 71
4637 4638 12
4637 4639 47
4637 4640 25
4637 4641 69
4637 4642 49
4637 4643 87
4638 4644 24
4638 4645 85
4638 4646 60
4638 4647 35
4638 4648 25
4638 4649 37
4639 4650 88
4639 4651 30
4639 4652 76
4639 4653 83
4639 4654 22
4639 4655 54
4640 4656 74
4640 4657 49
4640 4658 100
4640 4659 34
4640 4660 78
4640 4661 8
4641 4662 85
4641 4663 93
4641 4664 20
4641 4665 56
4641 4666 59
4641 4667 75
4642 4668 23
4642 4669 24
4642 4670 42
4642 4671 22
4642 4672 68
4321 4679 73
4673 4675 69
4674 4737 66
4675 4676 2
4676 4677 95
4677 4678 60
4678 4679 64
4679 4680 92
4680 4681 81
4681 4682 7
4682 4683 91
4683 4684 46
4684 4685 67
4685 4686 12
4686 4687 25
4687 4688 78
4688 4689 63
4689 4690 10
4690 4691 70
4691 4692 7
4692 4693 90
4693 4694 28
4694 4695 30
4695 4696 27
4696 4697 52
4697 4698 42
4698 4699 93
4699 4700 51
4700 4701 72
4701 4702 88
4702 4703 46
4703 4704 60
4704 4705 35
4705 4706 75
4706 4707 19
4707 4708 68
4708 4709 75
4709 4710 11
4710 4711 13
4711 4712 23
4712 4713 46
4713 4714 70
4714 4715 34
4715 4716 62
4716 4717 58
4717 4718 53
4718 4719 9
4719 4720 89
4720 4721 80
4721 4722 19
4722 4723 12
4723 4724 42
4724 4725 27
4725 4726 5
4726 4727 96
4727 4728 95
4728 4729 47
4729 4730 37
4730 4731 26
4731 4732 54
4732 4733 96
4733 4734 27
4734 4735 10
4735 4736 42
4736 4737 93
4737 4738 73
4738 4739 62
4739 4740 57
4740 4741 67
4741 4742 54
4742 4743 54
4743 4744 63
4675 4744 37
4682 4764 80
4745 4747 54
4746 4747 25
4747 4748 8
4748 4749 3
4749 4750 88
4750 4751 47
4751 4752 87
4752 4753 83
4753 4754 79
4754 4755 84
4755 4756 67
4756 4757 49
4757 4758 64
4758 4759 91
4759 4760 12
4760 4761 11
4761 4762 69
4762 4763 1
4763 4764 94
4764 4765 74
4765 4766 93
4766 4767 57
4767 4768 8
4768 4769 99
4769 4770 83
4770 4771 99
4771 4772 77
4772 4773 54
4773 4774 43
4774 4775 15
4775 4776 38
4776 4777 66
4777 4778 68
4747 4778 56
3510 4819 79
4779 4781 25
4780 4781 81
4781 4782 51
4782 4783 49
4783 4784 68
4784 4785 44
4785 4786 54
4786 4787 21
4787 4788 20
4788 4789 48
4789 4790 36
4790 4791 5
4791 4792 88
4792 4793 3
4793 4794 46
4794 4795 16
4795 4796 40
4796 4797 87
4797 4798 61
4798 4799 87
4799 4800 70
4800 4801 37
4801 4802 97
4802 4803 93
4803 4804 4
4804 4805 67
4805 4806 90
4806 4807 79
4807 4808 17
4808 4809 71
4809 4810 73
4810 4811 12
4811 4812 30
4812 4813 86
4813 4814 54
4814 4815 20
4815 4816 37
4816 4817 93
4817 4818 44
4818 4819 79
4819 4820 57
4820 4821 87
4821 4822 44
4822 4823 99
4781 4823 18
2255 4842 51
4824 4826 17
4825 4826 53
4826 4827 32
4827 4828 90
4828 4829 59
4829 4830 91
4830 4831 91
4831 4832 39
4832 4833 69
4833 4834 52
4834 4835 8
4835 4836 61
4836 4837 56
4837 4838 88
4838 4839 46
4839 4840 70
4840 4841 88
4841 4842 79
4842 4843 99
4843 4844 68
4844 4845 33
4826 4845 54
3745 4854 62
4846 4848 9
4847 4853 28
4848 4849 47
4849 4850 96
4850 4851 82
4851 4852 50
4852 4853 41
4853 4854 94
4854 4855 5
4855 4856 77
4856 4857 39
4857 4858 5
4858 4859 44
4859 4860 31
4860 4861 15
4861 4862 82
4862 4863 18
4863 4864 24
4864 4865 28
4865 4866 20
4866 4867 23
4867 4868 76
4868 4869 63
4869 4870 42
4870 4871 54
4871 4872 72
4872 4873 44
4873 4874 85
4874 4875 54
4875 4876 76
4876 4877 69
4877 4878 36
4878 4879 52
4879 4880 27
4880 4881 28
4881 4882 85
4882 4883 98
4883 4884 74
4884 4885 30
4885 4886 22
4886 4887 4
4887 4888 16
4888 4889 77
4889 4890 34
4890 4891 59
4891 4892 79
4892 4893 20
4893 4894 17
4894 4895 70
4895 4896 1
4896 4897 32
4897 4898 91
4898 4899 98
4899 4900 95
4900 4901 100
4901 4902 74
4848 4902 4
1319 4932 51
4903 4905 8
4904 4905 31
4905 4906 32
4906 4907 58
4907 4908 15
4908 4909 94
4909 4910 96
4910 4911 62
4911 4912 9
4912 4913 100
4913 4914 31
4914 4915 59
4915 4916 78
4916 4917 71
4917 4918 34
4918 4919 47
4919 4920 29
4920 4921 63
4921 4922 34
4922 4923 51
4923 4924 70
4924 4925 74
4925 4926 39
4926 4927 13
4927 4928 12
4928 4929 80
4929 4930 38
4930 4931 25
4931 4932 74
4932 4933 16
4933 4934 70
4934 4935 97
4935 4936 37
4936 4937 84
4937 4938 72
4938 4939 68
4939 4940 38
4940 4941 82
4941 4942 1
4942 4943 6
4943 4944 76
4944 4945 64
4945 4946 100
4946 4947 23
4947 4948 36
4948 4949 4
4949 4950 1
4950 4951 2
4951 4952 40
4952 4953 41
4953 4954 72
4954 4955 94
4955 4956 4
4956 4957 62
4905 4957 86
4311 4971 5
4958 4960 92
4959 4968 69
4960 4961 41
4961 4962 32
4962 4963 99
4963 4964 93
4964 4965 77
4965 4966 82
4966 4967 78
4967 4968 83
4968 4969 91
4969 4970 98
4970 4971 51
4971 4972 7
4972 4973 35
4973 4974 91
4974 4975 89
4975 4976 4
4976 4977 30
4977 4978 100
4978 4979 85
4979 4980 3
4980 4981 48
4981 4982 53
4982 4983 27
4983 4984 23
4984 4985 60
4960 4985 6
4186 4995 79
4986 4988 4
4987 4988 65
4988 4989 24
4989 4990 1
4990 4991 13
4991 4992 56
4992 4993 52
4993 4994 11
4994 4995 24
4995 4996 41
4996 4997 61
4997 4998 33
4998 4999 22
4999 5000 51
5000 5001 36
5001 5002 57
5002 5003 28
5003 5004 75
5004 5005 69
5005 5006 42
5006 5007 6
5007 5008 2
5008 5009 22
5009 5010 87
5010 5011 6
5011 5012 6
5012 5013 94
5013 5014 56
4988 5014 39
64
1256 1455
3641 1650
1428 277
1902 1210
1345 1970
4731 1276
852 910
2459 1182
637 1220
3987 110
3024 460
4856 1818
2164 971
2235 1337
2615 1556
988 957
1183 1935
1937 236
2871 1601
1312 1295
2307 946
1804 1714
273 835
57 1502
317 1145
985 718
2263 1427
4661 744
4358 179
2333 824
4736 508
430 1145
4323 1194
3693 28
4739 1927
1739 611
4149 1858
1247 611
4335 579
1234 1485
1773 1982
873 193
4675 610
3822 248
1353 607
2483 818
4418 1503
1930 610
2833 1661
758 30
550 1889
3387 128
2954 145
3235 851
320 1889
1816 1278
2344 928
2666 506
1886 1627
1472 1165
2773 1000
2007 375
4940 340
133 1429
