4614 4620
1 3 77
2 244 60
3 4 56
4 5 11
5 6 94
6 7 10
7 8 25
8 9 76
9 10 76
10 11 76
11 12 85
12 13 10
13 14 68
14 15 65
15 16 99
16 17 98
17 18 3
18 19 13
19 20 94
20 21 6
21 22 84
22 23 51
23 24 12
24 25 38
25 26 51
26 27 25
27 28 73
28 29 79
29 30 57
30 31 90
31 32 96
32 33 79
33 34 92
34 35 49
35 36 66
36 37 27
37 38 62
38 39 8
39 40 78
40 41 90
41 42 80
42 43 63
43 44 91
44 45 74
45 46 47
46 47 82
47 48 22
48 49 32
49 50 43
50 51 98
51 52 1
52 53 87
53 54 80
54 55 25
55 56 73
56 57 83
57 58 13
58 59 54
59 60 38
60 61 37
61 62 42
62 63 52
63 64 79
64 65 80
65 66 14
66 67 3
67 68 62
68 69 21
69 70 4
70 71 76
71 72 70
72 73 91
73 74 54
74 75 28
75 76 98
76 77 71
77 78 34
78 79 16
79 80 53
80 81 41
81 82 45
82 83 21
83 84 84
84 85 17
85 86 19
86 87 42
87 88 58
88 89 96
89 90 81
90 91 88
91 92 78
92 93 27
93 94 64
94 95 21
95 96 17
96 97 34
97 98 94
98 99 8
99 100 64
100 101 12
101 102 29
102 103 71
103 104 73
104 105 18
105 106 93
106 107 59
107 108 19
108 109 67
109 110 95
110 111 82
111 112 82
112 113 33
113 114 59
114 115 78
115 116 12
116 117 2
117 118 19
118 119 18
119 120 38
120 121 71
121 122 11
122 123 93
123 124 1
124 125 85
125 126 7
126 127 14
127 128 88
128 129 51
129 130 13
130 131 63
131 132 100
132 133 35
133 134 13
134 135 2
135 136 35
136 137 76
137 138 36
138 139 24
139 140 64
140 141 51
141 142 88
142 143 82
143 144 6
144 145 7
145 146 95
146 147 87
147 148 1
148 149 48
149 150 75
150 151 7
151 152 87
152 153 28
153 154 25
154 155 56
155 156 11
156 157 86
157 158 48
158 159 70
159 160 97
160 161 38
161 162 39
162 163 39
163 164 32
164 165 27
165 166 48
166 167 18
167 168 57
168 169 40
169 170 36
170 171 17
171 172 80
172 173 67
173 174 86
174 175 36
175 176 95
176 177 54
177 178 71
178 179 69
179 180 64
180 181 94
181 182 70
182 183 39
183 184 1
184 185 6
185 186 3
186 187 96
187 188 87
188 189 86
189 190 96
190 191 92
191 192 50
192 193 74
193 194 68
194 195 19
195 196 17
196 197 60
197 198 95
198 199 54
199 200 81
200 201 71
201 202 13
202 203 56
203 204 6
204 205 85
205 206 27
206 207 24
207 208 43
208 209 50
209 210 6
210 211 73
211 212 43
212 213 69
213 214 5
214 215 43
215 216 99
216 217 72
217 218 64
218 219 4
219 220 89
220 221 92
221 222 73
222 223 78
223 224 77
224 225 44
225 226 80
226 227 24
227 228 99
228 229 21
229 230 4
230 231 6
231 232 26
232 233 29
233 234 76
234 235 95
235 236 80
236 237 16
237 238 60
238 239 52
239 240 98
240 241 18
241 242 85
242 243 51
243 244 51
244 245 80
245 246 75
246 247 1
247 248 85
248 249 62
249 250 38
250 251 77
251 252 14
252 253 39
253 254 21
254 255 78
255 256 25
256 257 51
257 258 81
258 259 47
259 260 65
260 261 99
261 262 60
262 263 42
263 264 28
264 265 37
265 266 3
266 267 18
267 268 13
268 269 64
269 270 50
270 271 94
271 272 71
272 273 23
273 274 49
274 275 41
275 276 36
276 277 34
277 278 58
278 279 55
279 280 65
280 281 3
281 282 44
282 283 71
283 284 98
284 285 76
285 286 18
286 287 46
287 288 12
288 289 36
289 290 18
290 291 86
291 292 53
292 293 24
293 294 31
294 295 30
295 296 35
296 297 42
297 298 35
298 299 22
299 300 67
300 301 45
301 302 91
302 303 47
303 304 56
304 305 84
305 306 17
306 307 89
307 308 100
308 309 66
309 310 35
310 311 71
311 312 48
312 313 92
313 314 17
314 315 4
315 316 84
316 317 62
317 318 85
318 319 39
319 320 90
320 321 56
321 322 52
322 323 93
323 324 1
324 325 61
325 326 36
326 327 43
327 328 65
328 329 37
329 330 79
330 331 68
331 332 20
332 333 68
333 334 30
334 335 48
335 336 34
336 337 45
337 338 2
338 339 83
339 340 52
340 341 23
341 342 5
342 343 6
343 344 92
344 345 28
345 346 63
346 347 85
347 348 71
348 349 43
349 350 19
350 351 54
351 352 21
352 353 73
353 354 65
354 355 36
355 356 54
356 357 14
357 358 21
358 359 3
359 360 35
360 361 37
361 362 52
362 363 36
363 364 65
364 365 5
365 366 39
366 367 31
367 368 17
368 369 56
369 370 7
370 371 61
371 372 21
372 373 59
373 374 83
374 375 84
375 376 64
376 377 52
377 378 85
378 379 71
379 380 64
380 381 24
381 382 17
382 383 90
383 384 45
384 385 12
385 386 81
386 387 21
387 388 41
388 389 34
389 390 4
390 391 24
391 392 55
392 393 56
393 394 76
394 395 54
395 396 6
396 397 43
397 398 13
398 399 74
399 400 74
400 401 25
401 402 61
402 403 92
403 404 99
404 405 34
405 406 50
406 407 7
407 408 92
408 409 70
409 410 87
410 411 16
411 412 11
412 413 6
413 414 90
414 415 60
415 416 35
416 417 38
417 418 75
418 419 22
419 420 34
420 421 50
421 422 22
422 423 36
423 424 16
424 425 4
425 426 89
426 427 45
427 428 14
428 429 71
429 430 98
430 431 52
431 432 18
432 433 76
433 434 1
434 435 14
435 436 29
436 437 88
437 438 54
438 439 77
439 440 46
440 441 42
441 442 74
442 443 26
443 444 80
444 445 55
445 446 97
446 447 71
447 448 67
448 449 93
449 450 90
450 451 34
451 452 49
452 453 89
453 454 73
454 455 80
455 456 66
456 457 74
457 458 53
458 459 13
459 460 57
460 461 10
461 462 14
462 463 9
463 464 49
464 465 33
465 466 10
466 467 47
467 468 64
468 469 24
469 470 48
470 471 41
471 472 34
472 473 56
473 474 93
474 475 15
475 476 38
476 477 49
477 478 29
478 479 35
479 480 79
480 481 36
481 482 95
482 483 53
483 484 92
484 485 37
485 486 26
486 487 26
487 488 44
488 489 71
489 490 48
490 491 77
491 492 43
492 493 11
493 494 15
494 495 31
495 496 27
496 497 96
497 498 91
498 499 82
499 500 66
500 501 87
501 502 83
502 503 49
503 504 10
504 505 41
505 506 11
506 507 3
507 508 62
508 509 79
509 510 84
510 511 23
511 512 66
512 513 91
513 514 85
514 515 73
515 516 44
516 517 49
517 518 8
518 519 77
519 520 97
520 521 46
521 522 65
522 523 6
523 524 43
524 525 66
525 526 100
526 527 37
527 528 99
528 529 13
529 530 74
530 531 21
531 532 93
532 533 79
533 534 88
534 535 54
535 536 47
536 537 42
537 538 51
538 539 2
539 540 61
540 541 82
541 542 17
542 543 73
543 544 100
544 545 64
545 546 28
546 547 63
547 548 58
548 549 35
549 550 100
550 551 75
551 552 61
552 553 12
553 554 16
554 555 96
555 556 11
556 557 75
557 558 92
558 559 16
559 560 42
560 561 4
561 562 9
562 563 91
563 564 86
564 565 66
565 566 16
566 567 31
567 568 46
568 569 54
569 570 87
570 571 36
571 572 1
572 573 50
573 574 25
574 575 8
575 576 45
576 577 78
577 578 82
578 579 6
579 580 70
580 581 99
581 582 79
582 583 42
583 584 95
584 585 28
585 586 17
586 587 68
587 588 57
588 589 33
589 590 74
590 591 59
591 592 55
592 593 65
593 594 99
594 595 1
595 596 7
596 597 67
597 598 33
598 599 78
599 600 47
600 601 32
601 602 77
602 603 61
603 604 51
604 605 58
605 606 54
606 607 18
607 608 39
608 609 47
609 610 74
610 611 70
611 612 29
612 613 23
613 614 87
614 615 50
615 616 57
616 617 59
617 618 65
618 619 71
619 620 50
620 621 92
621 622 64
622 623 93
623 624 30
624 625 4
625 626 3
626 627 3
627 628 18
628 629 46
629 630 69
630 631 71
631 632 6
632 633 49
633 634 66
634 635 74
635 636 81
636 637 23
637 638 11
638 639 99
639 640 68
640 641 26
641 642 76
642 643 79
643 644 52
644 645 89
645 646 62
646 647 86
647 648 83
648 649 4
649 650 33
650 651 55
651 652 91
652 653 93
653 654 61
654 655 87
655 656 15
656 657 98
657 658 82
658 659 72
659 660 69
660 661 95
661 662 15
662 663 81
663 664 82
664 665 23
665 666 17
666 667 53
667 668 63
668 669 34
669 670 11
670 671 10
671 672 3
672 673 70
673 674 70
674 675 34
675 676 39
676 677 50
677 678 11
678 679 94
679 680 51
680 681 28
681 682 28
682 683 78
683 684 4
684 685 8
685 686 84
686 687 27
687 688 30
688 689 27
689 690 14
690 691 84
691 692 83
692 693 91
693 694 2
694 695 45
695 696 76
696 697 82
697 698 81
698 699 9
699 700 35
700 701 83
701 702 48
702 703 62
703 704 55
704 705 37
705 706 29
706 707 48
707 708 79
708 709 81
709 710 77
710 711 48
711 712 70
712 713 37
713 714 42
714 715 83
715 716 6
716 717 29
717 718 9
718 719 37
719 720 33
720 721 63
721 722 18
722 723 52
723 724 100
724 725 60
725 726 36
726 727 50
727 728 35
728 729 18
729 730 56
730 731 35
731 732 61
732 733 16
733 734 11
734 735 89
735 736 97
736 737 19
737 738 42
738 739 90
739 740 28
740 741 22
741 742 15
742 743 36
743 744 46
744 745 27
745 746 14
746 747 26
747 748 36
748 749 84
749 750 96
3 750 62
187 1056 26
751 752 29
751 753 49
751 754 94
751 755 25
751 756 44
751 757 3
751 758 92
751 759 100
751 760 34
751 761 53
751 762 16
751 763 47
751 764 94
751 765 99
751 766 21
751 767 74
751 768 25
751 769 42
752 770 93
752 771 51
752 772 27
752 773 94
752 774 71
752 775 31
752 776 68
752 777 71
752 778 5
752 779 4
752 780 89
752 781 74
752 782 20
752 783 46
752 784 42
752 785 1
752 786 86
752 787 17
753 788 96
753 789 18
753 790 42
753 791 79
753 792 14
753 793 27
753 794 10
753 795 65
753 796 56
753 797 80
753 798 36
753 799 78
753 800 91
753 801 83
753 802 56
753 803 78
753 804 68
753 805 11
754 806 89
754 807 97
754 808 73
754 809 40
754 810 96
754 811 21
754 812 89
754 813 50
754 814 6
754 815 40
754 816 9
754 817 93
754 818 25
754 819 45
754 820 16
754 821 50
754 822 60
754 823 36
755 824 55
755 825 49
755 826 87
755 827 73
755 828 71
755 829 92
755 830 94
755 831 21
755 832 26
755 833 89
755 834 25
755 835 73
755 836 90
755 837 66
755 838 64
755 839 31
755 840 88
755 841 14
756 842 23
756 843 58
756 844 71
756 845 44
756 846 43
756 847 30
756 848 38
756 849 85
756 850 2
756 851 31
756 852 73
756 853 91
756 854 60
756 855 57
756 856 28
756 857 93
756 858 2
756 859 49
757 860 94
757 861 31
757 862 38
757 863 10
757 864 25
757 865 86
757 866 24
757 867 6
757 868 75
757 869 12
757 870 5
757 871 57
757 872 48
757 873 77
757 874 64
757 875 93
757 876 36
757 877 50
758 878 94
758 879 71
758 880 1
758 881 24
758 882 55
758 883 4
758 884 51
758 885 7
758 886 88
758 887 47
758 888 66
758 889 59
758 890 36
758 891 32
758 892 53
758 893 24
758 894 100
758 895 66
759 896 34
759 897 83
759 898 80
759 899 89
759 900 82
759 901 38
759 902 45
759 903 72
759 904 6
759 905 47
759 906 75
759 907 27
759 908 63
759 909 5
759 910 30
759 911 94
759 912 6
759 913 19
760 914 77
760 915 22
760 916 26
760 917 6
760 918 79
760 919 64
760 920 49
760 921 53
760 922 27
760 923 41
760 924 19
760 925 68
760 926 20
760 927 22
760 928 83
760 929 97
760 930 70
760 931 100
761 932 14
761 933 45
761 934 53
761 935 4
761 936 6
761 937 53
761 938 65
761 939 34
761 940 87
761 941 40
761 942 45
761 943 100
761 944 10
761 945 42
761 946 89
761 947 93
761 948 81
761 949 3
762 950 5
762 951 21
762 952 46
762 953 98
762 954 92
762 955 73
762 956 60
762 957 31
762 958 13
762 959 32
762 960 52
762 961 67
762 962 29
762 963 40
762 964 17
762 965 35
762 966 99
762 967 33
763 968 27
763 969 29
763 970 69
763 971 91
763 972 33
763 973 21
763 974 78
763 975 88
763 976 51
763 977 21
763 978 93
763 979 6
763 980 79
763 981 34
763 982 48
763 983 45
763 984 22
763 985 43
764 986 46
764 987 86
764 988 1
764 989 40
764 990 14
764 991 99
764 992 40
764 993 66
764 994 43
764 995 12
764 996 52
764 997 23
764 998 57
764 999 7
764 1000 88
764 1001 22
764 1002 93
764 1003 93
765 1004 22
765 1005 83
765 1006 71
765 1007 71
765 1008 98
765 1009 23
765 1010 69
765 1011 87
765 1012 93
765 1013 42
765 1014 64
765 1015 22
765 1016 80
765 1017 77
765 1018 2
765 1019 98
765 1020 88
765 1021 34
766 1022 58
766 1023 91
766 1024 79
766 1025 46
766 1026 21
766 1027 61
766 1028 69
766 1029 93
766 1030 50
766 1031 64
766 1032 30
766 1033 88
766 1034 98
766 1035 72
766 1036 77
766 1037 57
766 1038 8
766 1039 25
767 1040 47
767 1041 41
767 1042 94
767 1043 95
767 1044 2
767 1045 6
767 1046 59
767 1047 21
767 1048 5
767 1049 5
767 1050 31
767 1051 57
767 1052 74
767 1053 45
767 1054 77
767 1055 100
767 1056 23
767 1057 97
768 1058 37
768 1059 5
768 1060 73
768 1061 43
768 1062 91
768 1063 87
768 1064 49
768 1065 80
768 1066 39
768 1067 26
768 1068 75
768 1069 80
768 1070 7
768 1071 10
768 1072 99
768 1073 5
768 1074 79
768 1075 43
769 1076 55
769 1077 19
769 1078 8
769 1079 20
769 1080 9
769 1081 17
769 1082 51
769 1083 67
769 1084 75
769 1085 100
769 1086 2
769 1087 79
769 1088 20
769 1089 86
769 1090 70
769 1091 61
769 1092 55
769 1093 50
770 1094 76
770 1095 1
770 1096 60
770 1097 25
770 1098 75
770 1099 11
770 1100 88
770 1101 98
770 1102 86
770 1103 25
770 1104 35
770 1105 63
770 1106 34
770 1107 16
770 1108 35
770 1109 36
770 1110 11
770 1111 81
771 1112 54
771 1113 73
771 1114 34
771 1115 32
771 1116 5
771 1117 36
771 1118 33
771 1119 52
771 1120 16
771 1121 2
771 1122 2
771 1123 97
771 1124 38
771 1125 79
771 1126 18
771 1127 37
771 1128 25
771 1129 50
772 1130 77
772 1131 77
772 1132 11
772 1133 1
772 1134 23
772 1135 82
772 1136 7
772 1137 1
772 1138 76
772 1139 1
772 1140 10
772 1141 60
772 1142 30
772 1143 99
772 1144 72
772 1145 34
772 1146 46
772 1147 24
773 1148 96
773 1149 90
773 1150 31
773 1151 69
773 1152 23
773 1153 90
773 1154 54
773 1155 50
773 1156 38
773 1157 19
773 1158 52
773 1159 43
773 1160 30
773 1161 17
773 1162 87
773 1163 66
773 1164 68
773 1165 90
774 1166 17
774 1167 76
774 1168 9
774 1169 96
774 1170 16
774 1171 59
774 1172 20
774 1173 26
774 1174 55
774 1175 29
774 1176 42
774 1177 86
774 1178 72
774 1179 19
774 1180 18
774 1181 38
774 1182 2
774 1183 52
775 1184 93
775 1185 96
775 1186 75
775 1187 91
775 1188 39
775 1189 51
775 1190 58
775 1191 69
775 1192 100
775 1193 18
775 1194 79
775 1195 50
775 1196 41
775 1197 41
775 1198 40
775 1199 23
775 1200 41
775 1201 29
776 1202 46
776 1203 50
776 1204 87
776 1205 63
776 1206 38
776 1207 14
776 1208 87
776 1209 71
776 1210 23
776 1211 98
776 1212 33
776 1213 23
776 1214 92
776 1215 64
776 1216 38
776 1217 35
776 1218 75
776 1219 83
777 1220 30
777 1221 55
777 1222 44
777 1223 60
777 1224 1
777 1225 22
777 1226 88
777 1227 31
777 1228 40
777 1229 87
777 1230 16
777 1231 86
777 1232 99
777 1233 87
777 1234 47
777 1235 55
777 1236 57
777 1237 82
778 1238 54
778 1239 20
778 1240 19
778 1241 65
778 1242 54
778 1243 4
778 1244 28
778 1245 48
778 1246 61
778 1247 39
778 1248 27
778 1249 37
778 1250 2
778 1251 96
778 1252 67
778 1253 90
778 1254 28
778 1255 84
779 1256 68
779 1257 22
779 1258 56
779 1259 25
779 1260 31
779 1261 16
779 1262 39
779 1263 48
779 1264 47
779 1265 53
779 1266 55
779 1267 45
779 1268 93
779 1269 40
779 1270 81
779 1271 14
779 1272 18
779 1273 21
780 1274 48
780 1275 36
780 1276 96
780 1277 20
780 1278 67
780 1279 7
780 1280 80
780 1281 16
780 1282 99
780 1283 46
780 1284 80
780 1285 98
780 1286 41
780 1287 75
780 1288 49
780 1289 63
780 1290 76
780 1291 76
781 1292 28
781 1293 6
781 1294 22
781 1295 78
781 1296 39
781 1297 49
781 1298 16
781 1299 14
781 1300 26
781 1301 56
781 1302 34
781 1303 77
781 1304 94
781 1305 12
781 1306 75
781 1307 20
781 1308 26
781 1309 66
782 1310 96
782 1311 86
782 1312 97
782 1313 8
782 1314 24
782 1315 3
782 1316 61
782 1317 98
782 1318 24
782 1319 75
782 1320 88
782 1321 75
782 1322 89
782 1323 21
782 1324 88
782 1325 17
782 1326 31
782 1327 27
783 1328 83
783 1329 83
783 1330 54
783 1331 89
783 1332 14
783 1333 26
783 1334 16
783 1335 72
783 1336 25
783 1337 37
783 1338 68
783 1339 2
783 1340 38
783 1341 49
783 1342 30
783 1343 35
783 1344 77
783 1345 1
784 1346 51
784 1347 2
784 1348 58
784 1349 76
784 1350 6
784 1351 14
784 1352 5
784 1353 96
784 1354 27
784 1355 9
784 1356 70
784 1357 77
784 1358 64
784 1359 59
784 1360 11
784 1361 16
784 1362 73
784 1363 40
785 1364 62
785 1365 25
785 1366 97
785 1367 8
785 1368 5
785 1369 46
785 1370 74
785 1371 45
785 1372 90
785 1373 39
785 1374 85
785 1375 70
785 1376 74
785 1377 26
785 1378 66
785 1379 50
785 1380 25
785 1381 84
786 1382 59
786 1383 52
786 1384 8
786 1385 47
786 1386 30
786 1387 81
786 1388 65
786 1389 87
786 1390 70
786 1391 92
786 1392 48
786 1393 84
786 1394 59
786 1395 18
786 1396 69
786 1397 64
786 1398 92
786 1399 71
787 1400 81
787 1401 67
787 1402 59
787 1403 66
787 1404 11
1370 1408 42
1405 1407 67
1406 1407 90
1407 1408 87
1408 1409 19
1409 1410 35
1410 1411 78
1411 1412 83
1412 1413 44
1413 1414 59
1414 1415 38
1415 1416 91
1416 1417 60
1417 1418 83
1418 1419 62
1419 1420 71
1420 1421 65
1407 1421 92
465 1584 55
1422 1423 57
1422 1424 57
1422 1425 54
1422 1426 57
1422 1427 84
1422 1428 86
1422 1429 49
1422 1430 70
1422 1431 93
1422 1432 56
1422 1433 88
1422 1434 4
1422 1435 9
1422 1436 77
1422 1437 13
1422 1438 69
1422 1439 11
1422 1440 67
1422 1441 14
1422 1442 53
1422 1443 54
1422 1444 85
1422 1445 17
1422 1446 10
1422 1447 97
1422 1448 4
1422 1449 57
1422 1450 4
1422 1451 73
1422 1452 100
1422 1453 94
1422 1454 81
1423 1455 9
1423 1456 5
1423 1457 42
1423 1458 11
1423 1459 90
1423 1460 65
1423 1461 18
1423 1462 45
1423 1463 40
1423 1464 27
1423 1465 5
1423 1466 61
1423 1467 23
1423 1468 82
1423 1469 84
1423 1470 61
1423 1471 67
1423 1472 42
1423 1473 11
1423 1474 30
1423 1475 37
1423 1476 67
1423 1477 26
1423 1478 21
1423 1479 23
1423 1480 3
1423 1481 25
1423 1482 75
1423 1483 34
1423 1484 89
1423 1485 80
1423 1486 5
1424 1487 99
1424 1488 39
1424 1489 39
1424 1490 31
1424 1491 38
1424 1492 50
1424 1493 25
1424 1494 46
1424 1495 4
1424 1496 55
1424 1497 57
1424 1498 52
1424 1499 27
1424 1500 19
1424 1501 37
1424 1502 70
1424 1503 25
1424 1504 59
1424 1505 67
1424 1506 51
1424 1507 75
1424 1508 28
1424 1509 57
1424 1510 45
1424 1511 55
1424 1512 19
1424 1513 57
1424 1514 35
1424 1515 18
1424 1516 16
1424 1517 48
1424 1518 58
1425 1519 4
1425 1520 69
1425 1521 37
1425 1522 68
1425 1523 85
1425 1524 38
1425 1525 19
1425 1526 100
1425 1527 27
1425 1528 23
1425 1529 4
1425 1530 83
1425 1531 95
1425 1532 98
1425 1533 88
1425 1534 97
1425 1535 8
1425 1536 2
1425 1537 29
1425 1538 65
1425 1539 53
1425 1540 21
1425 1541 81
1425 1542 67
1425 1543 65
1425 1544 34
1425 1545 75
1425 1546 1
1425 1547 19
1425 1548 57
1425 1549 62
1425 1550 74
1426 1551 75
1426 1552 72
1426 1553 19
1426 1554 91
1426 1555 5
1426 1556 54
1426 1557 88
1426 1558 49
1426 1559 18
1426 1560 37
1426 1561 31
1426 1562 28
1426 1563 78
1426 1564 60
1426 1565 72
1426 1566 65
1426 1567 90
1426 1568 76
1426 1569 27
1426 1570 75
1426 1571 60
1426 1572 27
1426 1573 76
1426 1574 46
1426 1575 14
1426 1576 52
1426 1577 11
1426 1578 39
1426 1579 82
1426 1580 9
1426 1581 43
1426 1582 11
1427 1583 76
1427 1584 25
1427 1585 18
1427 1586 47
1427 1587 82
1427 1588 45
1427 1589 41
1427 1590 95
1427 1591 96
1427 1592 60
1427 1593 80
1427 1594 14
1427 1595 66
1427 1596 11
1427 1597 84
1427 1598 5
1427 1599 99
1427 1600 83
1427 1601 27
1427 1602 69
1427 1603 84
1427 1604 22
1427 1605 99
1427 1606 39
1427 1607 88
1427 1608 89
1427 1609 68
1427 1610 82
1427 1611 58
1427 1612 80
1427 1613 92
1427 1614 73
1428 1615 20
1428 1616 50
1428 1617 36
1428 1618 60
1428 1619 91
1428 1620 99
1428 1621 5
1428 1622 88
1428 1623 64
1428 1624 73
1428 1625 38
1428 1626 7
1428 1627 60
1428 1628 100
1428 1629 22
1428 1630 23
1428 1631 50
1428 1632 33
1428 1633 35
1428 1634 14
1428 1635 95
1428 1636 52
1428 1637 51
1428 1638 34
1428 1639 19
1428 1640 60
1428 1641 34
1428 1642 98
1428 1643 86
1428 1644 73
1428 1645 70
1428 1646 33
1429 1647 93
1429 1648 52
1429 1649 82
1429 1650 97
1429 1651 73
1429 1652 40
1429 1653 41
1429 1654 58
1429 1655 28
1429 1656 67
1429 1657 62
1429 1658 98
1429 1659 78
1429 1660 28
1429 1661 36
1429 1662 58
1429 1663 80
1429 1664 32
1429 1665 94
1429 1666 64
1429 1667 97
1429 1668 60
1429 1669 48
1429 1670 57
1429 1671 9
1429 1672 95
1429 1673 83
1429 1674 69
1429 1675 45
1429 1676 99
1429 1677 59
1429 1678 40
1430 1679 91
1430 1680 39
1430 1681 76
1430 1682 98
1430 1683 49
1430 1684 8
1430 1685 28
1430 1686 59
1430 1687 9
1430 1688 24
1430 1689 51
1430 1690 92
1430 1691 59
1430 1692 86
1430 1693 12
1430 1694 50
1430 1695 21
1430 1696 91
1430 1697 43
1430 1698 21
1430 1699 24
1430 1700 89
1430 1701 93
1430 1702 17
1430 1703 61
1430 1704 14
1430 1705 48
1430 1706 24
1430 1707 56
1430 1708 79
1430 1709 23
1430 1710 95
1431 1711 68
1431 1712 95
1431 1713 83
1431 1714 1
1431 1715 32
1431 1716 84
1431 1717 34
1431 1718 25
1431 1719 38
1431 1720 21
1431 1721 58
1431 1722 18
1431 1723 73
1431 1724 39
1431 1725 79
1431 1726 11
1431 1727 45
1431 1728 26
1431 1729 65
1431 1730 26
1431 1731 67
1431 1732 39
1431 1733 50
1431 1734 77
1431 1735 75
1431 1736 11
1431 1737 38
1431 1738 17
1431 1739 81
1431 1740 96
1431 1741 18
1431 1742 69
1432 1743 100
1432 1744 47
1432 1745 12
1432 1746 53
1432 1747 7
1432 1748 50
1432 1749 5
1432 1750 49
1432 1751 8
1432 1752 26
1432 1753 81
1432 1754 34
1432 1755 82
1432 1756 84
97 1864 64
1757 1759 34
1758 1759 31
1759 1760 98
1760 1761 30
1761 1762 97
1762 1763 4
1763 1764 3
1764 1765 28
1765 1766 8
1766 1767 93
1767 1768 18
1768 1769 1
1769 1770 69
1770 1771 1
1771 1772 80
1772 1773 38
1773 1774 89
1774 1775 92
1775 1776 52
1776 1777 71
1777 1778 6
1778 1779 14
1779 1780 92
1780 1781 31
1781 1782 85
1782 1783 73
1783 1784 30
1784 1785 80
1785 1786 63
1786 1787 84
1787 1788 62
1788 1789 62
1789 1790 100
1790 1791 44
1791 1792 95
1792 1793 43
1793 1794 70
1794 1795 25
1795 1796 69
1796 1797 79
1797 1798 83
1798 1799 35
1799 1800 18
1800 1801 67
1801 1802 49
1802 1803 84
1803 1804 3
1804 1805 84
1805 1806 1
1806 1807 23
1807 1808 86
1808 1809 75
1809 1810 52
1810 1811 10
1811 1812 100
1812 1813 59
1813 1814 94
1814 1815 52
1815 1816 33
1816 1817 24
1817 1818 55
1818 1819 65
1819 1820 73
1820 1821 37
1821 1822 7
1822 1823 63
1823 1824 48
1824 1825 69
1825 1826 38
1826 1827 5
1827 1828 92
1828 1829 10
1829 1830 57
1830 1831 38
1831 1832 67
1832 1833 31
1833 1834 23
1834 1835 45
1835 1836 86
1836 1837 29
1837 1838 2
1838 1839 70
1839 1840 28
1840 1841 87
1841 1842 92
1842 1843 8
1843 1844 36
1844 1845 62
1845 1846 1
1846 1847 72
1847 1848 24
1848 1849 74
1849 1850 65
1850 1851 10
1851 1852 68
1852 1853 18
1853 1854 37
1854 1855 10
1855 1856 91
1856 1857 28
1857 1858 92
1858 1859 98
1859 1860 43
1860 1861 84
1861 1862 79
1862 1863 15
1863 1864 37
1864 1865 19
1865 1866 80
1866 1867 31
1867 1868 88
1868 1869 19
1869 1870 46
1870 1871 49
1871 1872 52
1872 1873 10
1873 1874 67
1874 1875 54
1875 1876 53
1876 1877 28
1877 1878 55
1878 1879 60
1879 1880 36
1880 1881 10
1881 1882 2
1882 1883 77
1883 1884 5
1884 1885 60
1885 1886 16
1886 1887 70
1887 1888 84
1888 1889 79
1889 1890 11
1890 1891 2
1891 1892 63
1892 1893 30
1893 1894 3
1894 1895 23
1895 1896 78
1896 1897 30
1897 1898 58
1898 1899 70
1899 1900 12
1900 1901 82
1901 1902 58
1902 1903 54
1903 1904 17
1904 1905 61
1905 1906 39
1906 1907 33
1907 1908 54
1908 1909 27
1909 1910 95
1910 1911 69
1911 1912 92
1912 1913 5
1913 1914 42
1914 1915 89
1915 1916 12
1916 1917 84
1917 1918 48
1918 1919 76
1919 1920 18
1920 1921 24
1921 1922 44
1922 1923 73
1923 1924 72
1924 1925 97
1925 1926 86
1926 1927 70
1927 1928 17
1928 1929 35
1929 1930 6
1930 1931 56
1931 1932 37
1932 1933 9
1933 1934 23
1934 1935 32
1935 1936 89
1936 1937 28
1937 1938 82
1938 1939 100
1939 1940 57
1940 1941 91
1941 1942 35
1942 1943 55
1943 1944 61
1944 1945 35
1945 1946 42
1946 1947 61
1947 1948 20
1948 1949 13
1949 1950 41
1950 1951 22
1951 1952 47
1952 1953 38
1953 1954 22
1954 1955 92
1955 1956 29
1956 1957 72
1957 1958 73
1958 1959 86
1959 1960 40
1960 1961 26
1961 1962 35
1962 1963 4
1963 1964 14
1964 1965 42
1965 1966 89
1966 1967 19
1967 1968 44
1968 1969 84
1969 1970 39
1970 1971 72
1971 1972 65
1972 1973 45
1973 1974 13
1974 1975 73
1975 1976 18
1976 1977 23
1977 1978 47
1978 1979 17
1979 1980 27
1980 1981 63
1981 1982 88
1982 1983 33
1983 1984 84
1984 1985 98
1985 1986 14
1986 1987 42
1987 1988 80
1988 1989 12
1989 1990 29
1990 1991 80
1991 1992 73
1992 1993 14
1993 1994 22
1994 1995 77
1995 1996 63
1996 1997 36
1997 1998 28
1998 1999 28
1999 2000 7
2000 2001 4
2001 2002 82
2002 2003 93
2003 2004 44
2004 2005 12
2005 2006 77
2006 2007 89
2007 2008 59
2008 2009 84
2009 2010 35
2010 2011 8
2011 2012 8
2012 2013 37
2013 2014 1
2014 2015 24
2015 2016 58
2016 2017 50
2017 2018 36
2018 2019 48
2019 2020 53
2020 2021 35
2021 2022 6
2022 2023 59
2023 2024 9
2024 2025 59
2025 2026 23
2026 2027 67
2027 2028 83
2028 2029 70
2029 2030 36
2030 2031 20
2031 2032 90
2032 2033 90
2033 2034 14
2034 2035 81
2035 2036 26
2036 2037 52
2037 2038 93
2038 2039 33
2039 2040 87
2040 2041 2
2041 2042 12
2042 2043 22
2043 2044 99
2044 2045 64
2045 2046 18
2046 2047 20
2047 2048 10
2048 2049 38
2049 2050 16
2050 2051 85
2051 2052 83
2052 2053 90
2053 2054 19
2054 2055 34
2055 2056 64
2056 2057 65
2057 2058 56
2058 2059 11
2059 2060 63
2060 2061 3
2061 2062 8
2062 2063 87
2063 2064 31
2064 2065 9
2065 2066 69
2066 2067 9
2067 2068 11
2068 2069 24
2069 2070 47
2070 2071 89
2071 2072 44
2072 2073 85
2073 2074 54
2074 2075 5
2075 2076 54
2076 2077 32
2077 2078 78
2078 2079 25
2079 2080 15
2080 2081 44
2081 2082 2
2082 2083 25
2083 2084 61
2084 2085 9
2085 2086 26
2086 2087 90
2087 2088 29
2088 2089 40
2089 2090 35
2090 2091 85
2091 2092 19
2092 2093 89
2093 2094 51
2094 2095 89
2095 2096 88
2096 2097 29
2097 2098 22
2098 2099 92
2099 2100 90
2100 2101 44
2101 2102 15
2102 2103 41
2103 2104 54
2104 2105 25
2105 2106 54
2106 2107 14
2107 2108 4
2108 2109 17
2109 2110 68
2110 2111 18
2111 2112 14
2112 2113 56
2113 2114 63
2114 2115 1
2115 2116 83
2116 2117 62
2117 2118 46
2118 2119 58
2119 2120 49
2120 2121 22
2121 2122 45
2122 2123 47
2123 2124 50
2124 2125 5
2125 2126 68
2126 2127 87
2127 2128 65
2128 2129 18
2129 2130 79
2130 2131 53
2131 2132 62
2132 2133 17
2133 2134 61
2134 2135 6
2135 2136 85
2136 2137 75
2137 2138 96
2138 2139 91
2139 2140 48
2140 2141 65
2141 2142 83
2142 2143 100
2143 2144 75
2144 2145 43
2145 2146 5
2146 2147 45
2147 2148 38
2148 2149 17
2149 2150 84
2150 2151 39
2151 2152 52
2152 2153 47
2153 2154 79
2154 2155 92
2155 2156 7
2156 2157 67
2157 2158 3
2158 2159 38
2159 2160 84
2160 2161 6
2161 2162 90
2162 2163 1
2163 2164 82
2164 2165 43
2165 2166 36
2166 2167 62
2167 2168 48
2168 2169 54
2169 2170 50
2170 2171 52
2171 2172 63
2172 2173 38
2173 2174 50
2174 2175 49
2175 2176 82
2176 2177 93
2177 2178 44
2178 2179 50
2179 2180 65
2180 2181 56
2181 2182 75
2182 2183 97
2183 2184 22
2184 2185 62
2185 2186 92
2186 2187 71
2187 2188 9
2188 2189 90
2189 2190 1
2190 2191 77
2191 2192 97
2192 2193 59
2193 2194 71
2194 2195 37
2195 2196 28
2196 2197 14
2197 2198 72
2198 2199 6
2199 2200 98
2200 2201 60
2201 2202 63
2202 2203 11
2203 2204 45
2204 2205 70
2205 2206 29
2206 2207 62
2207 2208 14
2208 2209 59
2209 2210 33
2210 2211 2
2211 2212 46
2212 2213 48
2213 2214 63
2214 2215 61
2215 2216 28
2216 2217 62
2217 2218 84
2218 2219 31
2219 2220 24
2220 2221 71
2221 2222 98
2222 2223 23
2223 2224 97
2224 2225 94
2225 2226 35
2226 2227 16
2227 2228 41
2228 2229 90
2229 2230 48
2230 2231 2
2231 2232 94
2232 2233 8
2233 2234 42
2234 2235 45
2235 2236 16
2236 2237 74
2237 2238 1
2238 2239 54
2239 2240 61
2240 2241 74
2241 2242 80
2242 2243 16
2243 2244 52
2244 2245 56
2245 2246 94
2246 2247 85
2247 2248 38
2248 2249 9
2249 2250 63
2250 2251 28
2251 2252 27
2252 2253 80
2253 2254 85
2254 2255 89
2255 2256 81
2256 2257 70
2257 2258 7
2258 2259 77
2259 2260 40
2260 2261 21
2261 2262 12
2262 2263 56
2263 2264 16
2264 2265 66
2265 2266 84
2266 2267 84
2267 2268 89
2268 2269 36
2269 2270 53
2270 2271 94
2271 2272 10
2272 2273 72
2273 2274 12
2274 2275 97
2275 2276 99
2276 2277 69
2277 2278 45
2278 2279 67
2279 2280 33
2280 2281 95
2281 2282 53
2282 2283 20
2283 2284 65
2284 2285 91
2285 2286 64
2286 2287 96
2287 2288 55
2288 2289 91
2289 2290 10
2290 2291 35
2291 2292 72
2292 2293 27
2293 2294 87
2294 2295 30
2295 2296 84
2296 2297 46
2297 2298 100
2298 2299 86
2299 2300 79
2300 2301 10
2301 2302 68
2302 2303 45
2303 2304 46
2304 2305 62
2305 2306 100
2306 2307 31
2307 2308 40
2308 2309 68
2309 2310 71
2310 2311 19
2311 2312 61
2312 2313 80
2313 2314 94
2314 2315 3
2315 2316 88
2316 2317 40
2317 2318 54
2318 2319 51
2319 2320 31
2320 2321 44
2321 2322 4
2322 2323 93
2323 2324 38
2324 2325 81
2325 2326 87
2326 2327 47
2327 2328 27
2328 2329 92
2329 2330 39
2330 2331 34
2331 2332 97
2332 2333 64
2333 2334 85
2334 2335 29
2335 2336 3
2336 2337 54
2337 2338 34
2338 2339 44
2339 2340 86
2340 2341 13
2341 2342 93
2342 2343 47
2343 2344 93
2344 2345 38
2345 2346 50
2346 2347 31
2347 2348 83
2348 2349 83
2349 2350 66
2350 2351 82
2351 2352 55
2352 2353 100
2353 2354 64
2354 2355 60
2355 2356 76
2356 2357 7
2357 2358 19
2358 2359 86
2359 2360 23
2360 2361 17
2361 2362 47
2362 2363 4
2363 2364 25
2364 2365 57
2365 2366 32
2366 2367 82
2367 2368 92
2368 2369 79
2369 2370 87
2370 2371 12
2371 2372 94
2372 2373 51
2373 2374 13
2374 2375 52
2375 2376 16
2376 2377 56
2377 2378 33
2378 2379 63
2379 2380 37
2380 2381 46
2381 2382 94
2382 2383 52
2383 2384 49
2384 2385 67
2385 2386 98
2386 2387 11
2387 2388 95
2388 2389 11
2389 2390 59
2390 2391 16
2391 2392 28
2392 2393 42
2393 2394 31
2394 2395 48
2395 2396 83
2396 2397 52
2397 2398 4
2398 2399 95
2399 2400 93
2400 2401 68
2401 2402 24
2402 2403 73
2403 2404 39
2404 2405 54
2405 2406 55
2406 2407 99
2407 2408 6
2408 2409 49
2409 2410 19
2410 2411 14
2411 2412 30
2412 2413 52
2413 2414 14
2414 2415 98
2415 2416 60
2416 2417 77
2417 2418 86
2418 2419 51
2419 2420 68
2420 2421 84
2421 2422 76
2422 2423 48
2423 2424 30
2424 2425 76
2425 2426 6
2426 2427 36
2427 2428 76
2428 2429 69
2429 2430 32
2430 2431 21
2431 2432 53
2432 2433 22
2433 2434 35
2434 2435 92
2435 2436 9
2436 2437 49
2437 2438 67
2438 2439 87
2439 2440 88
2440 2441 46
2441 2442 8
2442 2443 31
2443 2444 54
2444 2445 28
2445 2446 9
2446 2447 34
2447 2448 53
2448 2449 11
2449 2450 7
2450 2451 22
2451 2452 35
2452 2453 100
2453 2454 49
2454 2455 58
2455 2456 45
2456 2457 49
2457 2458 2
2458 2459 87
2459 2460 58
2460 2461 10
2461 2462 18
2462 2463 9
2463 2464 27
2464 2465 79
2465 2466 30
2466 2467 52
2467 2468 79
2468 2469 25
2469 2470 47
2470 2471 61
2471 2472 90
2472 2473 100
2473 2474 38
2474 2475 49
2475 2476 89
2476 2477 99
2477 2478 35
2478 2479 32
2479 2480 3
2480 2481 67
2481 2482 88
2482 2483 23
2483 2484 28
2484 2485 3
2485 2486 36
2486 2487 93
2487 2488 98
2488 2489 64
2489 2490 65
2490 2491 10
2491 2492 1
2492 2493 22
2493 2494 58
2494 2495 69
2495 2496 86
2496 2497 13
1759 2497 24
1964 2543 30
2498 2499 44
2498 2500 46
2498 2501 51
2498 2502 24
2498 2503 48
2498 2504 12
2498 2505 35
2498 2506 68
2498 2507 94
2498 2508 88
2498 2509 77
2498 2510 39
2498 2511 97
2498 2512 80
2498 2513 61
2498 2514 26
2498 2515 46
2498 2516 25
2498 2517 67
2498 2518 33
2498 2519 35
2498 2520 33
2498 2521 17
2498 2522 85
2498 2523 52
2498 2524 86
2498 2525 28
2498 2526 30
2498 2527 95
2498 2528 85
2498 2529 18
2498 2530 21
2498 2531 22
2498 2532 84
2498 2533 86
2499 2534 34
2499 2535 1
2499 2536 47
2499 2537 5
2499 2538 92
2499 2539 38
2499 2540 2
2499 2541 62
2499 2542 7
2499 2543 48
2499 2544 15
2499 2545 53
2499 2546 93
2499 2547 81
2499 2548 46
2499 2549 8
2499 2550 38
2499 2551 4
2499 2552 3
2499 2553 53
2499 2554 14
2499 2555 29
2499 2556 60
2499 2557 1
2499 2558 97
2499 2559 66
2499 2560 85
2499 2561 43
2499 2562 28
2499 2563 91
2499 2564 65
2499 2565 67
2499 2566 70
2499 2567 47
2499 2568 78
2500 2569 64
2500 2570 86
2500 2571 85
2500 2572 42
2500 2573 67
2500 2574 86
2500 2575 90
2500 2576 56
2500 2577 10
2500 2578 86
2500 2579 27
2500 2580 56
2500 2581 52
2500 2582 87
2500 2583 51
2500 2584 22
2500 2585 81
2500 2586 18
2500 2587 20
2500 2588 45
2500 2589 72
2500 2590 19
2500 2591 12
2500 2592 3
2500 2593 55
2500 2594 72
2500 2595 8
2500 2596 69
2500 2597 32
2500 2598 27
2500 2599 34
2500 2600 40
2500 2601 23
2500 2602 10
2500 2603 6
2501 2604 57
2501 2605 82
2501 2606 55
2501 2607 59
2501 2608 16
2501 2609 7
2501 2610 42
2501 2611 5
2501 2612 82
2501 2613 74
2501 2614 82
2501 2615 42
2501 2616 83
2501 2617 17
2501 2618 82
2501 2619 10
2501 2620 29
2501 2621 34
2501 2622 38
2501 2623 41
2501 2624 35
2501 2625 35
2501 2626 90
2501 2627 48
2501 2628 8
2501 2629 67
2501 2630 17
2501 2631 88
2501 2632 47
2501 2633 72
2501 2634 39
2501 2635 50
2501 2636 33
2501 2637 30
2501 2638 33
2502 2639 29
2502 2640 26
2502 2641 92
2502 2642 8
2502 2643 27
2502 2644 56
2502 2645 21
2502 2646 2
2502 2647 71
2502 2648 77
2502 2649 80
2502 2650 85
2502 2651 4
2502 2652 97
2502 2653 10
2502 2654 77
2502 2655 48
2502 2656 35
2502 2657 3
2502 2658 13
2502 2659 32
2502 2660 42
2502 2661 2
2502 2662 77
2502 2663 22
2502 2664 89
2502 2665 36
2502 2666 29
2502 2667 40
2502 2668 76
2502 2669 77
2502 2670 62
2502 2671 10
2502 2672 1
2502 2673 78
2503 2674 44
2503 2675 81
2503 2676 90
2503 2677 52
2503 2678 51
2503 2679 55
2503 2680 10
2503 2681 24
2503 2682 55
2503 2683 7
2503 2684 85
2503 2685 16
2503 2686 15
2503 2687 66
2503 2688 60
2503 2689 60
2503 2690 58
2503 2691 56
2503 2692 37
2503 2693 22
2503 2694 42
2503 2695 13
2503 2696 6
2503 2697 12
2503 2698 41
2503 2699 57
2503 2700 68
2503 2701 94
2503 2702 73
2503 2703 63
2503 2704 14
2503 2705 66
2503 2706 5
2503 2707 20
2503 2708 70
2504 2709 66
2504 2710 26
2504 2711 100
2504 2712 20
2504 2713 43
2504 2714 67
2504 2715 57
2504 2716 51
2504 2717 35
2504 2718 64
2504 2719 49
2504 2720 12
2504 2721 86
2504 2722 41
2504 2723 41
2504 2724 25
2504 2725 55
2504 2726 74
2504 2727 13
2504 2728 43
2504 2729 60
2504 2730 92
2504 2731 97
2504 2732 89
2504 2733 63
2504 2734 70
2504 2735 16
2504 2736 2
2504 2737 11
2504 2738 13
2504 2739 44
2504 2740 36
2504 2741 75
2504 2742 68
2504 2743 13
2505 2744 58
2505 2745 86
2505 2746 99
2505 2747 36
2505 2748 74
2505 2749 39
2505 2750 2
2505 2751 47
2505 2752 12
2505 2753 30
2505 2754 62
2505 2755 32
2505 2756 53
2505 2757 55
2505 2758 38
2505 2759 97
2505 2760 96
2505 2761 35
2505 2762 7
2505 2763 25
2505 2764 51
2505 2765 13
2505 2766 43
2505 2767 77
2505 2768 35
2505 2769 81
2505 2770 6
2505 2771 6
2505 2772 38
2505 2773 95
2505 2774 92
2505 2775 15
2505 2776 5
2505 2777 99
2505 2778 28
2506 2779 22
2506 2780 7
2506 2781 100
2506 2782 68
2506 2783 88
2506 2784 6
2506 2785 97
2506 2786 44
2506 2787 33
2506 2788 94
2506 2789 33
2506 2790 46
2506 2791 49
2506 2792 55
2506 2793 10
2506 2794 42
2506 2795 100
2506 2796 9
2506 2797 44
2506 2798 22
2506 2799 56
2506 2800 46
2506 2801 58
2506 2802 67
2506 2803 67
2506 2804 52
2506 2805 13
2506 2806 27
2506 2807 27
2506 2808 45
2506 2809 8
2506 2810 99
2506 2811 31
2506 2812 90
2506 2813 24
2507 2814 29
2507 2815 17
2507 2816 74
2507 2817 25
2507 2818 36
2507 2819 65
2507 2820 20
2507 2821 37
2507 2822 80
2507 2823 77
2507 2824 5
2507 2825 17
2507 2826 82
2507 2827 6
2507 2828 9
2507 2829 8
2507 2830 65
2507 2831 63
2507 2832 21
2507 2833 41
2507 2834 68
2507 2835 26
2507 2836 3
2507 2837 91
2507 2838 17
2507 2839 21
2507 2840 80
2507 2841 33
2507 2842 55
2507 2843 50
2507 2844 88
2507 2845 27
2507 2846 43
2507 2847 18
2507 2848 44
2508 2849 77
2508 2850 18
2508 2851 45
2508 2852 30
2508 2853 2
2508 2854 62
2508 2855 56
2508 2856 47
2508 2857 48
2508 2858 12
2508 2859 74
2508 2860 40
2508 2861 51
2508 2862 100
2508 2863 75
2508 2864 76
2508 2865 50
2508 2866 23
2508 2867 15
2508 2868 40
2508 2869 24
2508 2870 66
2508 2871 89
2508 2872 5
2508 2873 49
2508 2874 88
2508 2875 75
2508 2876 2
2508 2877 22
2508 2878 4
2508 2879 38
2508 2880 56
2508 2881 16
2508 2882 20
2508 2883 8
2509 2884 81
2509 2885 73
1131 2906 43
2886 2888 55
2887 2934 54
2888 2889 2
2889 2890 57
2890 2891 61
2891 2892 96
2892 2893 94
2893 2894 56
2894 2895 99
2895 2896 83
2896 2897 96
2897 2898 93
2898 2899 98
2899 2900 81
2900 2901 5
2901 2902 76
2902 2903 19
2903 2904 82
2904 2905 94
2905 2906 62
2906 2907 46
2907 2908 41
2908 2909 40
2909 2910 13
2910 2911 46
2911 2912 6
2912 2913 28
2913 2914 68
2914 2915 43
2915 2916 47
2916 2917 36
2917 2918 48
2918 2919 70
2919 2920 43
2920 2921 84
2921 2922 1
2922 2923 24
2923 2924 91
2924 2925 40
2925 2926 32
2926 2927 47
2927 2928 59
2928 2929 9
2929 2930 63
2930 2931 75
2931 2932 66
2932 2933 64
2933 2934 7
2934 2935 43
2935 2936 63
2936 2937 8
2937 2938 50
2938 2939 34
2939 2940 71
2940 2941 38
2941 2942 83
2942 2943 20
2943 2944 79
2944 2945 25
2945 2946 5
2946 2947 88
2947 2948 31
2948 2949 5
2949 2950 56
2950 2951 96
2951 2952 89
2952 2953 32
2953 2954 2
2954 2955 60
2955 2956 8
2956 2957 71
2957 2958 91
2958 2959 92
2959 2960 86
2960 2961 63
2961 2962 31
2962 2963 37
2963 2964 64
2964 2965 79
2965 2966 58
2966 2967 24
2967 2968 100
2968 2969 50
2969 2970 73
2970 2971 81
2971 2972 53
2972 2973 82
2973 2974 17
2974 2975 52
2975 2976 89
2976 2977 65
2977 2978 9
2888 2978 89
610 3023 18
2979 2981 10
2980 2981 12
2981 2982 11
2982 2983 20
2983 2984 20
2984 2985 77
2985 2986 99
2986 2987 35
2987 2988 12
2988 2989 91
2989 2990 71
2990 2991 40
2991 2992 41
2992 2993 48
2993 2994 12
2994 2995 90
2995 2996 42
2996 2997 15
2997 2998 30
2998 2999 45
2999 3000 69
3000 3001 14
3001 3002 52
3002 3003 85
3003 3004 61
3004 3005 31
3005 3006 62
3006 3007 76
3007 3008 6
3008 3009 24
3009 3010 49
3010 3011 19
3011 3012 25
3012 3013 61
3013 3014 33
3014 3015 92
3015 3016 98
3016 3017 69
3017 3018 52
3018 3019 49
3019 3020 11
3020 3021 91
3021 3022 67
3022 3023 31
3023 3024 18
3024 3025 87
3025 3026 31
3026 3027 92
3027 3028 41
3028 3029 87
3029 3030 36
3030 3031 31
3031 3032 8
3032 3033 52
3033 3034 54
3034 3035 61
3035 3036 25
3036 3037 51
3037 3038 44
3038 3039 67
3039 3040 77
3040 3041 52
3041 3042 19
3042 3043 73
3043 3044 75
3044 3045 98
3045 3046 25
3046 3047 76
3047 3048 89
3048 3049 67
3049 3050 69
3050 3051 87
3051 3052 91
3052 3053 52
3053 3054 54
3054 3055 20
3055 3056 18
3056 3057 76
3057 3058 65
3058 3059 43
3059 3060 18
3060 3061 19
3061 3062 75
3062 3063 44
3063 3064 14
3064 3065 5
3065 3066 58
3066 3067 13
3067 3068 64
3068 3069 95
3069 3070 76
3070 3071 6
3071 3072 72
3072 3073 2
3073 3074 48
3074 3075 7
3075 3076 21
3076 3077 66
3077 3078 9
3078 3079 48
3079 3080 48
3080 3081 91
3081 3082 28
3082 3083 74
3083 3084 31
3084 3085 91
3085 3086 44
3086 3087 96
3087 3088 96
3088 3089 49
3089 3090 39
3090 3091 69
3091 3092 13
3092 3093 88
3093 3094 43
3094 3095 81
3095 3096 47
3096 3097 91
3097 3098 14
3098 3099 31
3099 3100 76
3100 3101 80
3101 3102 6
3102 3103 47
3103 3104 78
3104 3105 90
3105 3106 67
3106 3107 87
3107 3108 93
3108 3109 62
3109 3110 90
3110 3111 49
3111 3112 51
3112 3113 2
3113 3114 41
3114 3115 73
3115 3116 39
3116 3117 100
3117 3118 83
3118 3119 19
3119 3120 21
3120 3121 6
3121 3122 8
3122 3123 46
3123 3124 55
3124 3125 32
3125 3126 79
3126 3127 19
3127 3128 61
3128 3129 36
3129 3130 71
3130 3131 41
3131 3132 69
3132 3133 94
3133 3134 47
3134 3135 52
3135 3136 1
3136 3137 21
3137 3138 2
3138 3139 4
3139 3140 8
3140 3141 66
3141 3142 65
3142 3143 22
3143 3144 72
3144 3145 4
3145 3146 97
3146 3147 57
3147 3148 29
3148 3149 58
3149 3150 28
3150 3151 84
3151 3152 64
3152 3153 70
3153 3154 56
3154 3155 100
3155 3156 69
3156 3157 6
3157 3158 80
3158 3159 69
3159 3160 72
3160 3161 29
3161 3162 3
3162 3163 83
3163 3164 40
3164 3165 40
3165 3166 72
3166 3167 80
3167 3168 12
3168 3169 48
3169 3170 52
3170 3171 64
3171 3172 53
3172 3173 62
3173 3174 48
3174 3175 74
3175 3176 92
3176 3177 78
3177 3178 89
3178 3179 22
3179 3180 14
3180 3181 9
3181 3182 15
3182 3183 35
3183 3184 5
3184 3185 86
3185 3186 48
3186 3187 57
3187 3188 13
3188 3189 10
3189 3190 84
3190 3191 30
3191 3192 79
3192 3193 56
3193 3194 71
3194 3195 95
3195 3196 64
3196 3197 9
3197 3198 100
3198 3199 75
3199 3200 39
3200 3201 66
3201 3202 50
3202 3203 38
3203 3204 8
3204 3205 50
3205 3206 39
3206 3207 87
3207 3208 30
3208 3209 100
3209 3210 25
3210 3211 91
3211 3212 12
3212 3213 15
3213 3214 44
3214 3215 23
3215 3216 31
3216 3217 68
3217 3218 32
3218 3219 48
3219 3220 18
3220 3221 46
3221 3222 8
3222 3223 53
3223 3224 24
3224 3225 4
3225 3226 33
3226 3227 68
3227 3228 68
3228 3229 52
3229 3230 88
3230 3231 44
3231 3232 22
3232 3233 22
3233 3234 58
3234 3235 79
3235 3236 9
3236 3237 73
3237 3238 83
3238 3239 75
3239 3240 14
3240 3241 57
3241 3242 88
3242 3243 50
3243 3244 8
3244 3245 77
3245 3246 97
3246 3247 56
3247 3248 13
3248 3249 61
3249 3250 82
3250 3251 79
3251 3252 84
3252 3253 97
3253 3254 30
3254 3255 40
3255 3256 29
3256 3257 69
3257 3258 66
3258 3259 74
3259 3260 75
3260 3261 66
3261 3262 15
3262 3263 41
3263 3264 79
3264 3265 89
3265 3266 89
3266 3267 79
3267 3268 68
3268 3269 64
3269 3270 66
3270 3271 19
3271 3272 3
3272 3273 55
3273 3274 72
3274 3275 33
3275 3276 10
3276 3277 27
3277 3278 91
3278 3279 55
3279 3280 39
3280 3281 25
3281 3282 93
3282 3283 82
3283 3284 43
3284 3285 51
3285 3286 47
3286 3287 58
3287 3288 42
3288 3289 16
3289 3290 61
3290 3291 4
3291 3292 77
3292 3293 69
3293 3294 24
3294 3295 24
3295 3296 23
3296 3297 29
3297 3298 86
3298 3299 5
3299 3300 99
3300 3301 99
3301 3302 47
3302 3303 52
3303 3304 31
3304 3305 26
3305 3306 53
3306 3307 85
3307 3308 100
3308 3309 5
3309 3310 29
3310 3311 23
3311 3312 29
3312 3313 63
3313 3314 40
3314 3315 76
3315 3316 9
3316 3317 35
3317 3318 39
3318 3319 43
3319 3320 70
3320 3321 17
3321 3322 68
3322 3323 22
3323 3324 58
3324 3325 52
3325 3326 22
3326 3327 14
3327 3328 17
3328 3329 26
3329 3330 1
3330 3331 84
3331 3332 14
3332 3333 7
3333 3334 92
3334 3335 7
3335 3336 19
3336 3337 13
3337 3338 50
3338 3339 21
3339 3340 58
3340 3341 86
3341 3342 62
3342 3343 60
3343 3344 15
3344 3345 4
3345 3346 88
3346 3347 12
3347 3348 47
3348 3349 8
3349 3350 69
3350 3351 40
3351 3352 65
3352 3353 4
3353 3354 66
3354 3355 83
3355 3356 83
3356 3357 89
3357 3358 2
3358 3359 73
3359 3360 5
3360 3361 99
3361 3362 58
3362 3363 25
3363 3364 83
3364 3365 39
3365 3366 95
3366 3367 60
3367 3368 89
3368 3369 57
3369 3370 97
3370 3371 32
3371 3372 34
3372 3373 25
3373 3374 29
3374 3375 88
3375 3376 90
3376 3377 41
3377 3378 76
3378 3379 67
3379 3380 96
3380 3381 67
3381 3382 94
3382 3383 57
3383 3384 36
3384 3385 22
3385 3386 51
3386 3387 92
3387 3388 2
3388 3389 93
3389 3390 45
3390 3391 7
3391 3392 85
3392 3393 32
3393 3394 49
3394 3395 34
3395 3396 82
3396 3397 85
3397 3398 81
3398 3399 79
3399 3400 56
3400 3401 3
3401 3402 79
3402 3403 61
3403 3404 75
3404 3405 36
3405 3406 70
3406 3407 42
3407 3408 78
3408 3409 33
3409 3410 71
3410 3411 46
3411 3412 74
3412 3413 20
3413 3414 60
3414 3415 62
3415 3416 95
3416 3417 77
3417 3418 9
3418 3419 45
3419 3420 22
3420 3421 27
3421 3422 41
3422 3423 100
3423 3424 35
3424 3425 63
3425 3426 27
3426 3427 28
3427 3428 67
3428 3429 28
3429 3430 37
3430 3431 33
3431 3432 49
3432 3433 26
3433 3434 52
3434 3435 88
3435 3436 55
3436 3437 26
3437 3438 90
3438 3439 15
3439 3440 30
3440 3441 76
3441 3442 96
3442 3443 3
3443 3444 39
3444 3445 20
3445 3446 37
3446 3447 96
3447 3448 49
3448 3449 67
3449 3450 62
3450 3451 30
3451 3452 8
3452 3453 64
3453 3454 24
3454 3455 70
3455 3456 34
3456 3457 38
3457 3458 81
3458 3459 19
3459 3460 84
3460 3461 23
3461 3462 76
3462 3463 96
3463 3464 67
3464 3465 44
3465 3466 69
3466 3467 70
3467 3468 82
3468 3469 65
3469 3470 26
3470 3471 16
3471 3472 88
3472 3473 55
3473 3474 6
3474 3475 8
3475 3476 53
3476 3477 67
3477 3478 65
3478 3479 59
3479 3480 98
3480 3481 26
3481 3482 36
3482 3483 31
3483 3484 28
3484 3485 44
3485 3486 6
3486 3487 10
3487 3488 34
3488 3489 56
3489 3490 50
3490 3491 8
3491 3492 55
3492 3493 77
3493 3494 26
3494 3495 77
3495 3496 74
3496 3497 13
3497 3498 62
3498 3499 30
3499 3500 17
3500 3501 40
3501 3502 88
3502 3503 70
3503 3504 93
3504 3505 18
3505 3506 33
3506 3507 40
3507 3508 40
3508 3509 99
3509 3510 99
3510 3511 69
3511 3512 43
3512 3513 35
3513 3514 12
3514 3515 54
3515 3516 64
3516 3517 95
3517 3518 87
3518 3519 50
3519 3520 42
3520 3521 83
3521 3522 57
3522 3523 87
3523 3524 9
3524 3525 57
3525 3526 93
3526 3527 31
3527 3528 20
3528 3529 79
3529 3530 33
3530 3531 35
3531 3532 33
3532 3533 9
3533 3534 81
3534 3535 70
3535 3536 57
3536 3537 52
3537 3538 18
3538 3539 38
3539 3540 32
3540 3541 14
3541 3542 56
3542 3543 72
3543 3544 63
3544 3545 75
3545 3546 26
3546 3547 46
3547 3548 55
3548 3549 61
3549 3550 24
3550 3551 23
3551 3552 6
3552 3553 29
3553 3554 79
3554 3555 87
3555 3556 45
3556 3557 83
3557 3558 45
3558 3559 55
3559 3560 67
3560 3561 55
3561 3562 18
3562 3563 84
3563 3564 97
3564 3565 57
3565 3566 70
3566 3567 31
3567 3568 95
3568 3569 86
3569 3570 66
3570 3571 48
3571 3572 10
3572 3573 59
3573 3574 85
3574 3575 24
3575 3576 22
3576 3577 10
3577 3578 70
3578 3579 86
3579 3580 3
3580 3581 28
3581 3582 6
3582 3583 94
3583 3584 7
3584 3585 87
3585 3586 75
3586 3587 56
3587 3588 3
3588 3589 91
3589 3590 2
3590 3591 66
3591 3592 12
3592 3593 11
3593 3594 68
3594 3595 96
3595 3596 41
3596 3597 93
3597 3598 83
3598 3599 31
3599 3600 31
3600 3601 3
3601 3602 43
3602 3603 60
3603 3604 53
3604 3605 52
3605 3606 98
3606 3607 62
3607 3608 87
3608 3609 17
3609 3610 99
3610 3611 40
3611 3612 82
3612 3613 44
3613 3614 16
3614 3615 95
3615 3616 53
3616 3617 10
3617 3618 5
3618 3619 12
3619 3620 14
3620 3621 22
3621 3622 29
3622 3623 50
3623 3624 75
3624 3625 8
3625 3626 75
3626 3627 20
3627 3628 23
3628 3629 52
3629 3630 73
3630 3631 11
3631 3632 51
3632 3633 29
3633 3634 20
3634 3635 99
3635 3636 80
3636 3637 26
3637 3638 85
3638 3639 89
3639 3640 50
3640 3641 81
3641 3642 94
3642 3643 89
3643 3644 74
3644 3645 64
3645 3646 8
3646 3647 38
3647 3648 25
3648 3649 21
3649 3650 94
3650 3651 43
3651 3652 33
3652 3653 64
3653 3654 56
3654 3655 91
3655 3656 60
3656 3657 69
3657 3658 35
3658 3659 95
3659 3660 49
3660 3661 15
3661 3662 92
3662 3663 81
3663 3664 81
3664 3665 21
3665 3666 43
3666 3667 42
3667 3668 11
3668 3669 97
3669 3670 62
3670 3671 48
3671 3672 23
3672 3673 41
3673 3674 8
3674 3675 91
3675 3676 36
3676 3677 17
3677 3678 43
3678 3679 15
3679 3680 10
3680 3681 12
3681 3682 45
3682 3683 31
3683 3684 83
3684 3685 74
3685 3686 7
3686 3687 3
3687 3688 7
3688 3689 88
3689 3690 61
3690 3691 36
3691 3692 43
3692 3693 14
3693 3694 50
3694 3695 32
3695 3696 23
3696 3697 39
3697 3698 77
3698 3699 37
3699 3700 73
3700 3701 100
3701 3702 31
3702 3703 28
3703 3704 50
3704 3705 23
3705 3706 2
3706 3707 87
3707 3708 37
3708 3709 79
3709 3710 96
3710 3711 49
3711 3712 93
3712 3713 35
3713 3714 49
3714 3715 83
3715 3716 20
3716 3717 63
3717 3718 39
3718 3719 49
3719 3720 43
3720 3721 32
3721 3722 11
3722 3723 26
3723 3724 73
3724 3725 92
3725 3726 10
3726 3727 60
3727 3728 52
3728 3729 80
3729 3730 1
3730 3731 29
3731 3732 69
3732 3733 43
3733 3734 21
3734 3735 21
3735 3736 67
3736 3737 77
3737 3738 64
3738 3739 43
3739 3740 23
3740 3741 42
3741 3742 15
3742 3743 35
3743 3744 31
3744 3745 22
3745 3746 6
3746 3747 59
3747 3748 95
3748 3749 58
3749 3750 15
3750 3751 35
3751 3752 54
3752 3753 62
3753 3754 51
3754 3755 53
3755 3756 11
3756 3757 98
3757 3758 2
3758 3759 38
3759 3760 90
3760 3761 47
3761 3762 64
3762 3763 91
3763 3764 66
3764 3765 35
3765 3766 28
3766 3767 92
3767 3768 1
3768 3769 6
3769 3770 80
3770 3771 28
3771 3772 80
3772 3773 50
3773 3774 32
3774 3775 29
3775 3776 38
3776 3777 59
3777 3778 80
3778 3779 31
3779 3780 76
3780 3781 83
3781 3782 74
3782 3783 37
3783 3784 42
3784 3785 96
3785 3786 54
3786 3787 47
3787 3788 80
3788 3789 2
3789 3790 37
3790 3791 52
3791 3792 72
3792 3793 63
3793 3794 28
3794 3795 22
3795 3796 47
3796 3797 42
3797 3798 56
3798 3799 65
3799 3800 78
3800 3801 90
3801 3802 13
3802 3803 91
3803 3804 75
3804 3805 77
3805 3806 62
3806 3807 36
3807 3808 76
3808 3809 42
3809 3810 99
3810 3811 100
3811 3812 4
3812 3813 56
3813 3814 85
3814 3815 34
3815 3816 44
3816 3817 89
3817 3818 78
3818 3819 93
3819 3820 70
3820 3821 31
3821 3822 86
3822 3823 84
3823 3824 32
3824 3825 30
3825 3826 39
3826 3827 55
3827 3828 51
3828 3829 85
3829 3830 75
3830 3831 74
3831 3832 25
3832 3833 6
3833 3834 96
3834 3835 82
3835 3836 34
3836 3837 36
3837 3838 19
3838 3839 43
3839 3840 31
3840 3841 48
3841 3842 2
3842 3843 7
3843 3844 69
3844 3845 73
3845 3846 37
3846 3847 93
3847 3848 40
3848 3849 27
3849 3850 76
3850 3851 51
3851 3852 95
3852 3853 69
3853 3854 30
3854 3855 93
3855 3856 86
3856 3857 40
3857 3858 42
3858 3859 21
3859 3860 6
3860 3861 70
3861 3862 67
3862 3863 94
3863 3864 64
3864 3865 21
3865 3866 67
3866 3867 44
3867 3868 27
3868 3869 25
3869 3870 76
3870 3871 42
3871 3872 35
3872 3873 14
3873 3874 39
3874 3875 32
3875 3876 15
3876 3877 70
3877 3878 63
3878 3879 96
3879 3880 73
3880 3881 44
3881 3882 12
3882 3883 71
3883 3884 36
3884 3885 48
3885 3886 74
3886 3887 80
3887 3888 51
3888 3889 36
3889 3890 22
3890 3891 33
3891 3892 35
3892 3893 95
3893 3894 7
3894 3895 30
3895 3896 42
3896 3897 15
2981 3897 36
106 3929 24
3898 3900 62
3899 4010 48
3900 3901 43
3901 3902 37
3902 3903 2
3903 3904 77
3904 3905 46
3905 3906 77
3906 3907 99
3907 3908 84
3908 3909 37
3909 3910 87
3910 3911 90
3911 3912 12
3912 3913 19
3913 3914 34
3914 3915 51
3915 3916 93
3916 3917 96
3917 3918 87
3918 3919 12
3919 3920 13
3920 3921 64
3921 3922 79
3922 3923 43
3923 3924 60
3924 3925 95
3925 3926 73
3926 3927 46
3927 3928 36
3928 3929 37
3929 3930 56
3930 3931 77
3931 3932 56
3932 3933 88
3933 3934 86
3934 3935 50
3935 3936 89
3936 3937 74
3937 3938 87
3938 3939 13
3939 3940 13
3940 3941 38
3941 3942 25
3942 3943 4
3943 3944 30
3944 3945 71
3945 3946 48
3946 3947 34
3947 3948 23
3948 3949 20
3949 3950 11
3950 3951 23
3951 3952 20
3952 3953 99
3953 3954 97
3954 3955 65
3955 3956 90
3956 3957 72
3957 3958 94
3958 3959 81
3959 3960 64
3960 3961 30
3961 3962 92
3962 3963 4
3963 3964 27
3964 3965 21
3965 3966 16
3966 3967 11
3967 3968 25
3968 3969 38
3969 3970 85
3970 3971 61
3971 3972 100
3972 3973 9
3973 3974 44
3974 3975 82
3975 3976 69
3976 3977 82
3977 3978 48
3978 3979 86
3979 3980 88
3980 3981 12
3981 3982 98
3982 3983 50
3983 3984 4
3984 3985 71
3985 3986 88
3986 3987 64
3987 3988 24
3988 3989 21
3989 3990 60
3990 3991 69
3991 3992 44
3992 3993 14
3993 3994 90
3994 3995 18
3995 3996 75
3996 3997 91
3997 3998 52
3998 3999 48
3999 4000 58
4000 4001 97
4001 4002 42
4002 4003 42
4003 4004 71
4004 4005 67
4005 4006 63
4006 4007 6
4007 4008 21
4008 4009 92
4009 4010 16
4010 4011 69
3900 4011 88
271 4308 86
4012 4014 38
4013 4347 10
4014 4015 80
4015 4016 12
4016 4017 95
4017 4018 68
4018 4019 75
4019 4020 3
4020 4021 29
4021 4022 59
4022 4023 27
4023 4024 63
4024 4025 76
4025 4026 15
4026 4027 34
4027 4028 57
4028 4029 5
4029 4030 35
4030 4031 52
4031 4032 77
4032 4033 12
4033 4034 36
4034 4035 81
4035 4036 51
4036 4037 77
4037 4038 94
4038 4039 81
4039 4040 16
4040 4041 51
4041 4042 59
4042 4043 26
4043 4044 64
4044 4045 59
4045 4046 97
4046 4047 70
4047 4048 28
4048 4049 85
4049 4050 40
4050 4051 90
4051 4052 79
4052 4053 10
4053 4054 7
4054 4055 94
4055 4056 18
4056 4057 29
4057 4058 17
4058 4059 87
4059 4060 73
4060 4061 44
4061 4062 46
4062 4063 50
4063 4064 62
4064 4065 16
4065 4066 70
4066 4067 23
4067 4068 30
4068 4069 21
4069 4070 87
4070 4071 32
4071 4072 76
4072 4073 45
4073 4074 1
4074 4075 16
4075 4076 63
4076 4077 41
4077 4078 29
4078 4079 21
4079 4080 33
4080 4081 70
4081 4082 32
4082 4083 37
4083 4084 36
4084 4085 91
4085 4086 3
4086 4087 15
4087 4088 48
4088 4089 97
4089 4090 59
4090 4091 16
4091 4092 51
4092 4093 23
4093 4094 50
4094 4095 96
4095 4096 20
4096 4097 10
4097 4098 28
4098 4099 98
4099 4100 34
4100 4101 72
4101 4102 100
4102 4103 19
4103 4104 33
4104 4105 56
4105 4106 86
4106 4107 21
4107 4108 63
4108 4109 8
4109 4110 64
4110 4111 19
4111 4112 73
4112 4113 85
4113 4114 15
4114 4115 92
4115 4116 62
4116 4117 82
4117 4118 75
4118 4119 76
4119 4120 47
4120 4121 29
4121 4122 64
4122 4123 15
4123 4124 25
4124 4125 12
4125 4126 100
4126 4127 94
4127 4128 97
4128 4129 85
4129 4130 15
4130 4131 95
4131 4132 95
4132 4133 51
4133 4134 2
4134 4135 59
4135 4136 91
4136 4137 98
4137 4138 78
4138 4139 67
4139 4140 28
4140 4141 56
4141 4142 27
4142 4143 28
4143 4144 94
4144 4145 68
4145 4146 25
4146 4147 41
4147 4148 22
4148 4149 55
4149 4150 41
4150 4151 76
4151 4152 57
4152 4153 37
4153 4154 29
4154 4155 65
4155 4156 2
4156 4157 81
4157 4158 31
4158 4159 74
4159 4160 15
4160 4161 4
4161 4162 68
4162 4163 49
4163 4164 16
4164 4165 28
4165 4166 14
4166 4167 76
4167 4168 29
4168 4169 40
4169 4170 85
4170 4171 49
4171 4172 84
4172 4173 74
4173 4174 42
4174 4175 10
4175 4176 69
4176 4177 30
4177 4178 62
4178 4179 58
4179 4180 79
4180 4181 80
4181 4182 90
4182 4183 14
4183 4184 2
4184 4185 29
4185 4186 55
4186 4187 43
4187 4188 70
4188 4189 88
4189 4190 85
4190 4191 36
4191 4192 74
4192 4193 47
4193 4194 73
4194 4195 65
4195 4196 13
4196 4197 88
4197 4198 32
4198 4199 54
4199 4200 56
4200 4201 31
4201 4202 23
4202 4203 87
4203 4204 3
4204 4205 69
4205 4206 8
4206 4207 84
4207 4208 20
4208 4209 74
4209 4210 32
4210 4211 21
4211 4212 14
4212 4213 30
4213 4214 58
4214 4215 12
4215 4216 81
4216 4217 38
4217 4218 11
4218 4219 31
4219 4220 82
4220 4221 97
4221 4222 30
4222 4223 56
4223 4224 94
4224 4225 41
4225 4226 80
4226 4227 86
4227 4228 23
4228 4229 90
4229 4230 75
4230 4231 25
4231 4232 31
4232 4233 36
4233 4234 6
4234 4235 42
4235 4236 48
4236 4237 34
4237 4238 59
4238 4239 80
4239 4240 73
4240 4241 74
4241 4242 95
4242 4243 60
4243 4244 65
4244 4245 86
4245 4246 62
4246 4247 95
4247 4248 89
4248 4249 86
4249 4250 85
4250 4251 26
4251 4252 19
4252 4253 52
4253 4254 86
4254 4255 21
4255 4256 11
4256 4257 49
4257 4258 66
4258 4259 12
4259 4260 25
4260 4261 94
4261 4262 84
4262 4263 81
4263 4264 65
4264 4265 22
4265 4266 60
4266 4267 14
4267 4268 16
4268 4269 41
4269 4270 29
4270 4271 45
4271 4272 51
4272 4273 30
4273 4274 95
4274 4275 63
4275 4276 35
4276 4277 13
4277 4278 13
4278 4279 69
4279 4280 5
4280 4281 10
4281 4282 50
4282 4283 69
4283 4284 75
4284 4285 25
4285 4286 28
4286 4287 15
4287 4288 9
4288 4289 92
4289 4290 22
4290 4291 20
4291 4292 22
4292 4293 16
4293 4294 62
4294 4295 58
4295 4296 58
4296 4297 32
4297 4298 19
4298 4299 29
4299 4300 65
4300 4301 86
4301 4302 4
4302 4303 12
4303 4304 53
4304 4305 39
4305 4306 45
4306 4307 36
4307 4308 16
4308 4309 71
4309 4310 13
4310 4311 40
4311 4312 45
4312 4313 13
4313 4314 57
4314 4315 5
4315 4316 76
4316 4317 19
4317 4318 20
4318 4319 50
4319 4320 21
4320 4321 77
4321 4322 50
4322 4323 68
4323 4324 80
4324 4325 85
4325 4326 60
4326 4327 23
4327 4328 28
4328 4329 91
4329 4330 93
4330 4331 54
4331 4332 7
4332 4333 56
4333 4334 21
4334 4335 4
4335 4336 44
4336 4337 69
4337 4338 37
4338 4339 19
4339 4340 64
4340 4341 28
4341 4342 74
4342 4343 94
4343 4344 83
4344 4345 62
4345 4346 66
4346 4347 49
4347 4348 14
4348 4349 99
4349 4350 99
4350 4351 97
4351 4352 20
4352 4353 17
4353 4354 85
4354 4355 86
4355 4356 69
4356 4357 46
4357 4358 54
4358 4359 52
4359 4360 33
4360 4361 28
4361 4362 42
4014 4362 28
3625 4505 6
4363 4364 68
4363 4365 75
4363 4366 60
4363 4367 85
4363 4368 51
4363 4369 48
4363 4370 13
4363 4371 50
4363 4372 76
4363 4373 96
4363 4374 74
4363 4375 44
4363 4376 22
4363 4377 24
4363 4378 56
4363 4379 16
4363 4380 15
4363 4381 100
4363 4382 31
4363 4383 31
4363 4384 69
4364 4385 80
4364 4386 8
4364 4387 24
4364 4388 57
4364 4389 37
4364 4390 18
4364 4391 79
4364 4392 66
4364 4393 75
4364 4394 83
4364 4395 79
4364 4396 57
4364 4397 1
4364 4398 23
4364 4399 70
4364 4400 80
4364 4401 60
4364 4402 16
4364 4403 47
4364 4404 34
4364 4405 43
4365 4406 85
4365 4407 36
4365 4408 88
4365 4409 88
4365 4410 98
4365 4411 2
4365 4412 23
4365 4413 81
4365 4414 40
4365 4415 67
4365 4416 28
4365 4417 27
4365 4418 72
4365 4419 68
4365 4420 43
4365 4421 30
4365 4422 55
4365 4423 53
4365 4424 100
4365 4425 12
4365 4426 83
4366 4427 98
4366 4428 12
4366 4429 30
4366 4430 81
4366 4431 76
4366 4432 49
4366 4433 99
4366 4434 7
4366 4435 70
4366 4436 48
4366 4437 57
4366 4438 13
4366 4439 34
4366 4440 17
4366 4441 19
4366 4442 79
4366 4443 69
4366 4444 69
4366 4445 10
4366 4446 56
4366 4447 10
4367 4448 46
4367 4449 34
4367 4450 100
4367 4451 81
4367 4452 38
4367 4453 67
4367 4454 25
4367 4455 94
4367 4456 67
4367 4457 40
4367 4458 22
4367 4459 62
4367 4460 52
4367 4461 83
4367 4462 69
4367 4463 95
4367 4464 69
4367 4465 84
4367 4466 6
4367 4467 100
4367 4468 27
4368 4469 12
4368 4470 44
4368 4471 67
4368 4472 18
4368 4473 65
4368 4474 54
4368 4475 96
4368 4476 97
4368 4477 91
4368 4478 23
4368 4479 9
4368 4480 67
4368 4481 75
4368 4482 47
4368 4483 93
4368 4484 96
4368 4485 56
4368 4486 5
4368 4487 70
4368 4488 72
4368 4489 76
4369 4490 42
4369 4491 38
4369 4492 44
4369 4493 96
4369 4494 56
4369 4495 39
4369 4496 31
4369 4497 42
4369 4498 50
4369 4499 36
4369 4500 12
4369 4501 90
4369 4502 27
4369 4503 46
4369 4504 87
4369 4505 80
4369 4506 71
4369 4507 51
4369 4508 45
4369 4509 45
4369 4510 94
4370 4511 14
4370 4512 51
4370 4513 49
4370 4514 7
4370 4515 86
4370 4516 83
4370 4517 96
4370 4518 71
4370 4519 30
4370 4520 3
4370 4521 16
4370 4522 27
4370 4523 58
4370 4524 2
4370 4525 50
4370 4526 66
4370 4527 99
4370 4528 100
4370 4529 8
4370 4530 95
4370 4531 76
4371 4532 44
4371 4533 35
4371 4534 52
4371 4535 4
4371 4536 14
4371 4537 40
4371 4538 7
4371 4539 16
4371 4540 99
4371 4541 33
4371 4542 95
4371 4543 27
4371 4544 70
4371 4545 59
4371 4546 37
4371 4547 29
4371 4548 91
4371 4549 73
4371 4550 47
4371 4551 70
4371 4552 52
4372 4553 83
4372 4554 90
4372 4555 34
4372 4556 41
4372 4557 60
4372 4558 43
4372 4559 20
4372 4560 18
4372 4561 83
4372 4562 54
4372 4563 22
4372 4564 92
4372 4565 34
4372 4566 51
4372 4567 59
4372 4568 68
4372 4569 63
4372 4570 50
4372 4571 71
4372 4572 69
4372 4573 77
4373 4574 76
4373 4575 65
4373 4576 19
4373 4577 41
4373 4578 71
4373 4579 54
4373 4580 17
4373 4581 13
4373 4582 15
4373 4583 98
4373 4584 62
4373 4585 20
4373 4586 49
4373 4587 44
4373 4588 39
4373 4589 7
4373 4590 97
4373 4591 80
4373 4592 52
4373 4593 71
4373 4594 41
4374 4595 45
4374 4596 91
4374 4597 95
4374 4598 86
4374 4599 2
4374 4600 36
4374 4601 39
4374 4602 34
4374 4603 42
4374 4604 30
4374 4605 36
4374 4606 13
4374 4607 23
4374 4608 51
4374 4609 74
4374 4610 53
4374 4611 69
4374 4612 1
4374 4613 73
4374 4614 80
98
3047 24017
3738 16525
1054 23529
2925 43180
1413 29082
511 11590
2271 16473
1860 34534
2547 44069
2690 49030
2996 32781
3705 2332
3992 35915
3943 30663
711 27002
2590 8452
3512 14103
810 40834
4085 7843
64 12527
2018 42232
3123 1581
237 48498
1262 39425
3701 46371
1274 12316
3367 25531
4607 49858
2431 13007
3420 22544
2104 29363
2251 33556
4448 19807
2370 44117
980 18594
3758 15607
1910 14453
2279 38306
3612 21304
2830 39644
136 29814
4603 30585
4085 12169
955 25005
4486 41429
2459 11012
455 27495
1549 1587
3372 37113
1108 43153
2480 22863
1977 33291
1599 26096
2315 29295
822 27096
2108 35043
1953 41969
1972 49088
196 23584
2543 44066
2300 14299
2201 49717
1310 23154
2499 21648
3668 29536
1400 11069
1828 18778
1863 5171
1963 31342
1003 12394
3175 4359
451 1539
597 1673
210 41995
1718 39275
3220 1830
2455 27079
379 40344
3969 45136
1885 47316
1677 37778
4384 46215
1679 7007
494 32303
2913 2787
900 36586
3683 3096
2671 1157
3478 47197
2057 34022
1708 11762
551 26110
1253 29721
293 15919
998 42374
2670 21796
4143 1560
1074 45665
