777 844
1 3 1
2 9 4
3 4 1
4 5 4
5 6 2
6 7 1
7 8 1
8 9 1
3 9 2
6 15 19
10 12 3
11 12 2
12 13 1
13 14 5
14 15 4
15 16 3
16 17 4
17 18 1
18 19 1
12 19 5
4 28 84
20 21 5
20 22 1
20 23 4
21 24 2
21 25 3
21 26 5
22 27 2
22 28 5
15 35 39
29 31 2
30 31 5
31 32 3
32 33 2
33 34 2
34 35 4
35 36 4
36 37 2
37 38 4
31 38 2
38 39 22
39 41 3
40 43 1
41 42 5
42 43 3
43 44 1
44 45 5
41 45 1
23 49 80
46 48 3
47 48 3
48 49 2
49 50 3
50 51 5
51 52 2
52 53 5
53 54 4
48 54 3
17 58 89
55 57 1
56 57 1
57 58 4
58 59 1
57 59 1
25 64 19
60 62 4
61 65 5
62 63 3
63 64 3
64 65 5
65 66 4
66 67 3
67 68 1
68 69 1
62 69 5
16 71 39
70 72 1
71 73 4
72 73 5
73 74 3
74 75 1
75 76 4
76 77 1
72 77 2
73 84 5
78 80 3
79 83 1
80 81 3
81 82 5
82 83 3
83 84 2
80 84 3
12 89 6
85 86 1
85 87 2
85 88 5
85 89 4
68 92 4
90 91 3
90 92 5
90 93 1
91 94 4
91 95 2
91 96 3
92 97 4
92 98 2
73 105 4
99 101 4
100 102 5
101 102 3
102 103 5
103 104 1
104 105 2
105 106 4
101 106 2
6 107 81
107 109 4
108 110 1
109 110 3
110 111 1
109 111 2
2 119 75
112 113 3
112 114 2
112 115 2
112 116 5
112 117 5
113 118 2
113 119 4
113 120 4
68 128 52
121 122 2
121 123 3
121 124 4
121 125 2
122 126 1
122 127 3
122 128 3
26 131 55
129 130 2
129 131 5
129 132 2
129 133 5
48 139 35
134 135 2
134 136 5
134 137 1
135 138 5
135 139 4
130 147 10
140 141 1
140 142 3
140 143 3
140 144 3
141 145 5
141 146 2
141 147 3
141 148 2
142 149 1
20 150 78
150 152 1
151 157 3
152 153 2
153 154 1
154 155 5
155 156 2
156 157 2
157 158 2
152 158 3
52 160 60
159 161 3
160 161 3
161 162 2
162 163 5
163 164 5
161 164 2
152 165 14
165 166 1
165 167 3
165 168 4
165 169 4
165 170 2
166 171 2
166 172 4
21 179 45
173 175 5
174 175 2
175 176 1
176 177 1
177 178 2
178 179 2
175 179 2
141 183 3
180 182 5
181 184 5
182 183 3
183 184 1
182 184 2
112 191 36
185 187 3
186 189 4
187 188 3
188 189 3
189 190 4
190 191 2
191 192 4
192 193 5
193 194 4
187 194 4
122 195 47
195 197 2
196 198 1
197 198 4
198 199 4
197 199 5
98 206 6
200 202 3
201 202 2
202 203 1
203 204 2
204 205 2
205 206 3
206 207 4
207 208 1
208 209 3
202 209 5
138 219 22
210 211 4
210 212 3
210 213 3
210 214 4
210 215 2
211 216 4
211 217 2
211 218 2
211 219 2
26 224 97
220 222 3
221 223 5
222 223 3
223 224 2
224 225 5
225 226 4
226 227 2
222 227 4
187 232 22
228 230 2
229 231 1
230 231 5
231 232 4
232 233 1
230 233 5
209 237 32
234 235 1
234 236 1
234 237 4
235 238 2
235 239 5
235 240 5
236 241 1
236 242 4
39 246 50
243 245 2
244 247 1
245 246 1
246 247 3
247 248 2
245 248 2
233 253 96
249 251 3
250 254 4
251 252 3
252 253 5
253 254 5
251 254 1
62 255 65
255 257 2
256 259 3
257 258 2
258 259 1
259 260 3
257 260 3
88 269 44
261 263 5
262 263 3
263 264 1
264 265 2
265 266 5
266 267 5
267 268 2
268 269 5
269 270 4
263 270 2
190 274 76
271 273 4
272 274 4
273 274 3
274 275 2
275 276 1
273 276 4
47 284 48
277 278 1
277 279 1
277 280 3
277 281 4
277 282 4
278 283 3
278 284 5
278 285 2
251 292 19
286 288 5
287 292 5
288 289 3
289 290 2
290 291 2
291 292 5
292 293 4
293 294 3
288 294 1
256 300 27
295 296 4
295 297 1
295 298 1
295 299 5
296 300 3
296 301 3
49 306 56
302 303 2
302 304 3
302 305 2
302 306 4
302 307 4
303 308 4
289 314 50
309 311 1
310 312 3
311 312 2
312 313 5
313 314 3
314 315 3
315 316 1
316 317 1
311 317 5
37 323 98
318 319 3
318 320 3
318 321 4
318 322 2
318 323 2
319 324 1
319 325 5
236 331 98
326 328 2
327 328 3
328 329 4
329 330 5
330 331 1
331 332 5
332 333 4
333 334 1
328 334 2
101 341 9
335 337 4
336 339 3
337 338 3
338 339 1
339 340 5
340 341 4
341 342 1
337 342 2
145 352 96
343 344 4
343 345 2
343 346 2
343 347 2
343 348 3
344 349 5
344 350 5
344 351 3
344 352 5
190 353 58
353 355 1
354 360 5
355 356 2
356 357 3
357 358 4
358 359 2
359 360 4
355 360 1
164 368 52
361 362 1
361 363 4
361 364 1
362 365 2
362 366 1
362 367 4
363 368 5
363 369 4
363 370 2
94 374 89
371 373 2
372 379 4
373 374 1
374 375 4
375 376 4
376 377 1
377 378 4
378 379 1
373 379 5
30 385 55
380 382 1
381 382 1
382 383 1
383 384 2
384 385 2
385 386 1
386 387 3
382 387 1
156 391 54
388 390 4
389 393 4
390 391 3
391 392 2
392 393 2
393 394 1
394 395 5
395 396 2
396 397 2
390 397 3
71 400 97
398 400 3
399 403 1
400 401 2
401 402 1
402 403 2
400 403 2
335 411 31
404 405 2
404 406 5
404 407 5
404 408 1
405 409 5
405 410 1
405 411 3
405 412 4
31 419 50
413 414 5
413 415 1
413 416 2
413 417 4
414 418 2
414 419 5
178 423 80
420 422 2
421 422 3
422 423 3
423 424 5
422 424 4
399 429 56
425 427 2
426 429 2
427 428 3
428 429 2
429 430 1
430 431 4
427 431 2
297 438 61
432 434 2
433 438 3
434 435 2
435 436 3
436 437 4
437 438 4
438 439 4
439 440 3
440 441 2
434 441 5
285 449 8
442 444 5
443 449 3
444 445 1
445 446 2
446 447 4
447 448 3
448 449 5
449 450 1
444 450 4
260 460 42
451 453 5
452 453 1
453 454 5
454 455 1
455 456 5
456 457 4
457 458 4
458 459 4
459 460 4
453 460 5
300 465 63
461 463 3
462 467 5
463 464 4
464 465 2
465 466 5
466 467 5
467 468 1
463 468 2
326 473 45
469 471 3
470 477 3
471 472 1
472 473 5
473 474 4
474 475 4
475 476 4
476 477 1
471 477 1
16 482 95
478 479 1
478 480 1
478 481 1
478 482 3
323 484 94
483 484 1
483 485 1
483 486 3
484 487 5
484 488 4
484 489 5
485 490 3
485 491 5
331 497 3
492 494 2
493 494 3
494 495 2
495 496 2
496 497 5
494 497 1
29 507 77
498 500 4
499 501 1
500 501 3
501 502 4
502 503 2
503 504 3
504 505 3
505 506 3
506 507 5
500 507 3
201 515 74
508 509 5
508 510 2
508 511 2
508 512 3
509 513 2
509 514 4
509 515 4
251 519 37
516 518 5
517 519 4
518 519 3
519 520 5
518 520 1
327 526 44
521 523 5
522 527 4
523 524 3
524 525 1
525 526 2
526 527 3
527 528 3
523 528 3
102 534 49
529 531 4
530 531 3
531 532 4
532 533 5
533 534 3
534 535 5
531 535 3
257 539 52
536 538 5
537 538 5
538 539 5
539 540 5
540 541 5
538 541 5
432 544 47
542 543 3
542 544 1
542 545 4
542 546 4
546 551 45
547 548 5
547 549 4
547 550 4
547 551 1
547 552 1
548 553 5
548 554 3
155 558 7
555 557 3
556 557 2
557 558 3
558 559 2
559 560 3
560 561 4
557 561 4
363 564 47
562 563 5
562 564 2
562 565 5
563 566 1
563 567 3
563 568 1
144 569 76
569 570 1
569 571 5
569 572 5
570 573 4
570 574 1
232 581 33
575 576 3
575 577 3
575 578 5
575 579 4
576 580 3
576 581 4
576 582 2
420 584 90
583 585 2
584 587 2
585 586 3
586 587 2
587 588 1
588 589 2
589 590 5
590 591 1
591 592 3
585 592 1
247 597 4
593 595 3
594 595 1
595 596 5
596 597 2
597 598 2
598 599 4
599 600 5
600 601 4
595 601 2
50 608 19
602 604 3
603 606 4
604 605 4
605 606 1
606 607 2
607 608 3
608 609 4
609 610 2
604 610 4
361 613 79
611 612 5
611 613 5
611 614 2
611 615 2
612 616 3
612 617 3
612 618 3
190 624 56
619 621 3
620 622 2
621 622 1
622 623 5
623 624 3
624 625 3
625 626 4
626 627 5
621 627 5
231 633 47
628 630 5
629 633 4
630 631 3
631 632 3
632 633 2
633 634 2
630 634 4
489 636 49
635 637 3
636 640 1
637 638 2
638 639 1
639 640 3
637 640 4
604 642 10
641 643 2
642 643 4
643 644 2
644 645 1
643 645 1
581 650 12
646 648 1
647 648 2
648 649 4
649 650 2
650 651 3
651 652 4
648 652 5
34 655 10
653 655 4
654 657 3
655 656 3
656 657 3
657 658 4
658 659 4
655 659 5
631 666 12
660 662 2
661 663 5
662 663 4
663 664 4
664 665 5
665 666 3
662 666 2
167 671 77
667 668 4
667 669 5
667 670 4
668 671 2
668 672 3
668 673 4
669 674 2
669 675 2
179 680 86
676 678 2
677 678 1
678 679 3
679 680 3
678 680 1
471 687 27
681 683 1
682 683 1
683 684 3
684 685 1
685 686 2
686 687 2
683 687 4
281 688 28
688 689 4
688 690 4
688 691 5
689 692 1
689 693 3
689 694 5
354 696 49
695 697 3
696 699 2
697 698 3
698 699 3
697 699 1
120 703 87
700 701 2
700 702 5
700 703 5
700 704 5
701 705 4
701 706 4
432 709 11
707 709 1
708 709 5
709 710 3
710 711 4
711 712 3
712 713 3
713 714 2
714 715 4
709 715 5
478 717 10
716 717 5
716 718 4
716 719 3
716 720 1
717 721 5
717 722 3
607 725 99
723 725 3
724 725 5
725 726 4
726 727 1
727 728 2
728 729 4
729 730 5
730 731 3
731 732 4
725 732 4
167 734 53
733 735 5
734 735 2
735 736 4
736 737 1
737 738 1
738 739 5
739 740 5
740 741 1
741 742 1
735 742 4
697 745 24
743 745 2
744 748 1
745 746 4
746 747 4
747 748 5
745 748 3
537 751 30
749 751 3
750 751 2
751 752 3
752 753 3
751 753 4
640 754 41
754 755 4
754 756 4
754 757 3
754 758 2
754 759 3
755 760 3
755 761 3
755 762 2
23 767 26
763 765 4
764 765 2
765 766 3
766 767 4
765 767 3
265 769 20
768 770 5
769 774 3
770 771 2
771 772 1
772 773 2
773 774 3
774 775 4
775 776 4
776 777 2
770 777 1
85
306 88
268 100
587 41
148 65
668 72
81 15
26 57
120 46
565 96
404 38
148 53
394 73
668 71
724 75
543 50
761 69
133 48
285 32
34 94
304 88
476 27
112 34
82 35
729 66
328 96
548 99
741 20
128 19
766 85
199 97
705 18
368 36
513 77
726 56
223 100
656 18
160 10
425 77
27 69
385 55
541 36
321 73
578 65
332 91
165 99
32 21
392 94
370 26
613 90
408 64
775 39
209 32
134 20
720 11
648 68
267 84
561 36
296 60
139 31
253 32
642 93
574 100
154 82
709 56
152 89
51 18
681 66
103 87
689 32
530 89
320 70
742 62
323 85
477 97
519 10
137 77
148 94
697 90
191 91
225 16
18 35
146 16
675 75
38 53
272 88
