782 855
1 3 1
2 6 4
3 4 4
4 5 5
5 6 1
6 7 5
3 7 3
5 12 63
8 10 4
9 11 4
10 11 5
11 12 4
10 12 2
8 20 96
13 15 5
14 15 1
15 16 5
16 17 3
17 18 5
18 19 4
19 20 2
20 21 4
15 21 1
12 22 82
22 24 5
23 26 1
24 25 4
25 26 2
26 27 3
27 28 4
24 28 4
1 30 70
29 31 2
30 31 1
31 32 3
32 33 5
31 33 1
13 36 91
34 36 2
35 37 4
36 37 3
37 38 2
38 39 3
39 40 1
36 40 3
27 49 66
41 43 1
42 45 2
43 44 4
44 45 2
45 46 1
46 47 4
47 48 5
48 49 4
49 50 2
43 50 4
30 51 20
51 53 3
52 53 3
53 54 5
54 55 1
55 56 1
53 56 3
34 63 26
57 59 2
58 59 2
59 60 2
60 61 5
61 62 2
62 63 3
63 64 1
59 64 2
36 70 82
65 67 1
66 68 4
67 68 3
68 69 1
69 70 1
67 70 4
51 74 17
71 72 3
71 73 4
71 74 1
72 75 1
72 76 4
72 77 1
73 78 2
73 79 5
73 80 1
23 87 100
81 83 3
82 89 2
83 84 5
84 85 5
85 86 5
86 87 5
87 88 2
88 89 1
83 89 3
21 95 83
90 92 5
91 92 5
92 93 5
93 94 5
94 95 1
95 96 1
96 97 5
92 97 5
72 104 80
98 99 4
98 100 2
98 101 1
98 102 1
98 103 1
99 104 2
99 105 3
99 106 1
99 107 3
75 114 92
108 109 4
108 110 5
108 111 3
109 112 1
109 113 3
109 114 2
1 119 50
115 117 3
116 117 2
117 118 3
118 119 3
119 120 5
117 120 1
53 126 45
121 123 1
122 125 2
123 124 4
124 125 3
125 126 3
123 126 5
109 133 60
127 128 5
127 129 3
127 130 4
128 131 5
128 132 5
128 133 5
129 134 1
13 142 52
135 136 3
135 137 3
135 138 4
136 139 5
136 140 1
136 141 5
137 142 4
24 145 53
143 145 2
144 145 4
145 146 2
146 147 1
147 148 1
148 149 3
149 150 2
145 150 4
16 153 9
151 153 1
152 153 5
153 154 4
154 155 1
155 156 4
153 156 1
120 158 14
157 159 3
158 161 2
159 160 2
160 161 3
161 162 2
162 163 3
163 164 2
164 165 4
165 166 3
159 166 4
12 175 50
167 169 4
168 172 1
169 170 2
170 171 3
171 172 4
172 173 4
173 174 2
174 175 1
169 175 4
25 183 74
176 178 2
177 178 5
178 179 4
179 180 4
180 181 2
181 182 4
182 183 4
183 184 2
184 185 1
178 185 3
164 190 83
186 188 3
187 190 1
188 189 4
189 190 1
190 191 2
191 192 5
192 193 2
188 193 4
181 200 66
194 196 2
195 196 5
196 197 3
197 198 2
198 199 3
199 200 2
200 201 1
196 201 2
74 207 49
202 204 4
203 207 2
204 205 4
205 206 5
206 207 3
207 208 2
208 209 4
209 210 2
204 210 4
135 216 37
211 213 5
212 214 5
213 214 4
214 215 1
215 216 3
216 217 1
213 217 5
76 219 29
218 220 5
219 220 4
220 221 3
221 222 2
222 223 4
223 224 2
224 225 4
225 226 1
220 226 2
127 229 31
227 229 4
228 229 5
229 230 1
230 231 2
231 232 3
232 233 4
229 233 5
81 238 11
234 235 3
234 236 1
234 237 1
235 238 1
235 239 5
235 240 4
236 241 3
236 242 5
220 243 53
243 245 1
244 246 3
245 246 4
246 247 2
247 248 1
248 249 5
245 249 2
66 257 1
250 251 4
250 252 2
250 253 4
251 254 2
251 255 2
251 256 3
252 257 2
252 258 5
252 259 4
108 265 60
260 262 2
261 266 4
262 263 3
263 264 4
264 265 2
265 266 1
266 267 1
262 267 1
260 273 11
268 270 3
269 271 2
270 271 2
271 272 3
272 273 2
270 273 2
176 274 13
274 276 4
275 276 2
276 277 3
277 278 4
278 279 2
279 280 5
276 280 4
275 281 44
281 283 5
282 286 3
283 284 3
284 285 2
285 286 5
286 287 3
287 288 3
283 288 1
83 293 58
289 291 5
290 291 4
291 292 1
292 293 1
291 293 3
103 298 66
294 295 1
294 296 4
294 297 3
295 298 1
295 299 3
295 300 4
296 301 5
296 302 3
296 303 4
104 311 44
304 306 1
305 309 4
306 307 2
307 308 1
308 309 3
309 310 3
310 311 3
311 312 1
306 312 2
285 317 52
313 314 4
313 315 3
313 316 2
313 317 2
313 318 3
314 319 3
33 321 96
320 322 2
321 325 1
322 323 3
323 324 3
324 325 5
325 326 1
322 326 1
244 336 33
327 328 4
327 329 5
327 330 3
327 331 4
328 332 4
328 333 3
328 334 1
328 335 5
329 336 2
70 339 63
337 338 2
337 339 5
337 340 2
337 341 2
338 342 5
338 343 1
338 344 2
312 349 69
345 346 3
345 347 4
345 348 3
346 349 4
346 350 3
346 351 2
347 352 1
58 358 58
353 355 1
354 360 3
355 356 5
356 357 1
357 358 3
358 359 4
359 360 4
360 361 4
361 362 1
355 362 3
165 365 16
363 365 3
364 368 3
365 366 5
366 367 5
367 368 1
365 368 5
87 371 87
369 371 2
370 371 4
371 372 3
372 373 3
373 374 5
374 375 3
375 376 3
376 377 5
377 378 3
371 378 3
106 379 74
379 381 4
380 382 1
381 382 2
382 383 2
381 383 3
163 385 41
384 385 2
384 386 5
384 387 1
384 388 1
384 389 5
385 390 2
361 396 56
391 393 1
392 395 4
393 394 1
394 395 1
395 396 5
393 396 2
131 400 42
397 399 5
398 399 5
399 400 5
400 401 3
399 401 2
223 407 82
402 404 2
403 404 3
404 405 3
405 406 4
406 407 2
407 408 1
408 409 2
409 410 5
404 410 5
74 411 34
411 412 1
411 413 3
411 414 4
411 415 5
411 416 4
412 417 4
412 418 3
116 422 75
419 421 3
420 421 1
421 422 2
422 423 2
423 424 1
424 425 2
425 426 3
421 426 5
237 430 14
427 429 4
428 429 2
429 430 1
430 431 4
431 432 3
432 433 5
433 434 5
429 434 3
415 438 56
435 437 4
436 437 5
437 438 1
438 439 2
439 440 1
440 441 3
437 441 3
303 443 63
442 443 3
442 444 2
442 445 4
442 446 3
443 447 3
446 449 44
448 449 5
448 450 4
448 451 2
448 452 1
449 453 5
449 454 5
449 455 4
83 462 17
456 458 5
457 458 4
458 459 5
459 460 4
460 461 3
461 462 2
458 462 2
142 463 43
463 465 2
464 465 3
465 466 1
466 467 1
465 467 1
213 471 7
468 470 5
469 474 2
470 471 5
471 472 5
472 473 1
473 474 1
470 474 3
438 477 11
475 477 4
476 478 2
477 478 4
478 479 1
477 479 5
400 483 35
480 482 5
481 488 3
482 483 1
483 484 5
484 485 3
485 486 3
486 487 4
487 488 2
482 488 2
97 490 60
489 490 3
489 491 2
489 492 5
490 493 5
490 494 4
490 495 2
250 497 34
496 498 5
497 498 3
498 499 1
499 500 5
498 500 4
257 505 63
501 503 2
502 506 4
503 504 2
504 505 3
505 506 1
506 507 1
507 508 1
508 509 1
503 509 1
106 513 62
510 512 4
511 518 5
512 513 5
513 514 1
514 515 4
515 516 4
516 517 2
517 518 4
512 518 5
123 521 80
519 520 2
519 521 4
519 522 2
519 523 2
371 526 46
524 526 2
525 529 3
526 527 1
527 528 2
528 529 2
529 530 4
526 530 2
365 537 65
531 533 5
532 535 3
533 534 4
534 535 3
535 536 3
536 537 2
537 538 3
538 539 5
539 540 1
533 540 2
342 546 89
541 543 2
542 547 2
543 544 5
544 545 1
545 546 4
546 547 4
543 547 2
227 548 40
548 549 2
548 550 2
548 551 3
549 552 1
549 553 1
549 554 4
550 555 2
550 556 3
322 560 19
557 559 2
558 560 4
559 560 4
560 561 1
561 562 2
559 562 3
513 565 6
563 565 4
564 565 5
565 566 3
566 567 2
567 568 2
568 569 5
569 570 2
570 571 1
565 571 1
441 572 46
572 574 3
573 577 4
574 575 5
575 576 1
576 577 1
577 578 5
574 578 1
329 579 32
579 581 4
580 584 3
581 582 5
582 583 1
583 584 5
584 585 3
581 585 2
44 589 70
586 588 4
587 590 3
588 589 4
589 590 3
590 591 4
591 592 2
588 592 3
481 599 74
593 595 5
594 602 5
595 596 2
596 597 1
597 598 4
598 599 3
599 600 5
600 601 2
601 602 4
595 602 3
360 609 3
603 604 5
603 605 4
603 606 5
603 607 3
604 608 4
604 609 5
604 610 3
604 611 5
377 613 28
612 614 5
613 615 1
614 615 1
615 616 4
614 616 1
305 617 80
617 618 1
617 619 3
617 620 3
618 621 4
618 622 1
519 632 39
623 625 3
624 632 2
625 626 4
626 627 4
627 628 5
628 629 1
629 630 1
630 631 4
631 632 4
625 632 1
392 634 58
633 635 4
634 637 3
635 636 1
636 637 5
637 638 2
638 639 4
635 639 2
450 644 37
640 641 5
640 642 3
640 643 2
640 644 4
641 645 3
641 646 5
641 647 5
641 648 3
642 649 3
571 652 80
650 652 4
651 655 1
652 653 4
653 654 1
654 655 2
655 656 4
656 657 2
652 657 4
204 659 96
658 659 4
658 660 3
658 661 3
659 662 5
659 663 5
383 668 79
664 666 2
665 668 2
666 667 1
667 668 2
668 669 2
669 670 4
670 671 4
671 672 1
666 672 4
435 680 73
673 674 3
673 675 4
673 676 3
673 677 2
674 678 5
674 679 2
674 680 5
356 686 75
681 683 5
682 683 4
683 684 1
684 685 1
685 686 2
686 687 5
687 688 1
688 689 1
689 690 3
683 690 1
250 691 82
691 693 1
692 694 3
693 694 1
694 695 5
695 696 4
696 697 2
697 698 3
693 698 1
656 702 59
699 700 5
699 701 1
699 702 5
699 703 5
463 711 40
704 706 2
705 713 2
706 707 4
707 708 3
708 709 2
709 710 4
710 711 5
711 712 4
712 713 4
706 713 2
154 721 76
714 716 1
715 716 5
716 717 5
717 718 5
718 719 1
719 720 2
720 721 3
721 722 3
722 723 2
716 723 4
389 731 6
724 726 3
725 726 3
726 727 3
727 728 5
728 729 4
729 730 1
730 731 3
731 732 1
732 733 3
726 733 1
531 741 71
734 736 1
735 736 4
736 737 1
737 738 3
738 739 4
739 740 1
740 741 3
741 742 3
742 743 2
736 743 5
523 746 42
744 745 1
744 746 1
744 747 2
745 748 2
745 749 3
745 750 2
746 751 3
357 755 89
752 753 4
752 754 2
752 755 4
752 756 2
753 757 3
753 758 5
753 759 3
356 760 10
760 762 4
761 767 5
762 763 5
763 764 1
764 765 4
765 766 3
766 767 1
767 768 1
762 768 4
352 773 61
769 771 1
770 775 1
771 772 1
772 773 5
773 774 3
774 775 5
775 776 2
776 777 1
771 777 4
422 778 4
778 780 4
779 780 5
780 781 2
781 782 5
780 782 1
76
15 138
234 155
169 134
244 122
559 23
379 156
124 80
179 136
123 144
534 86
321 96
491 177
325 170
337 45
677 48
201 23
295 80
302 120
721 158
292 40
317 80
567 79
744 183
441 30
498 109
35 150
209 29
400 139
524 143
423 44
614 97
85 140
520 75
523 38
547 118
597 193
145 114
547 15
200 117
338 41
744 65
714 23
757 145
98 119
392 125
113 199
424 95
16 83
237 103
205 115
572 97
256 31
28 125
349 111
65 184
752 28
409 187
573 66
212 97
354 179
700 43
209 153
547 101
741 25
231 83
695 181
147 89
718 96
263 85
155 141
184 68
211 27
690 175
284 11
570 77
155 15
