393 400
1 3 57
2 34 19
3 4 82
4 5 78
5 6 35
6 7 56
7 8 30
8 9 30
9 10 85
10 11 48
11 12 14
12 13 32
13 14 52
14 15 13
15 16 17
16 17 61
17 18 89
18 19 33
19 20 96
20 21 42
21 22 43
22 23 74
23 24 34
24 25 24
25 26 36
26 27 53
27 28 94
28 29 69
29 30 42
30 31 8
31 32 25
32 33 17
33 34 76
34 35 10
35 36 1
36 37 23
37 38 36
3 38 75
26 48 89
39 41 20
40 41 1
41 42 37
42 43 90
43 44 42
44 45 22
45 46 43
46 47 51
47 48 5
48 49 80
49 50 93
50 51 45
51 52 72
52 53 62
53 54 54
54 55 100
55 56 50
56 57 81
57 58 94
58 59 32
59 60 75
60 61 20
61 62 74
62 63 71
63 64 35
64 65 87
65 66 22
66 67 4
67 68 96
68 69 61
69 70 55
70 71 4
71 72 95
72 73 70
73 74 35
41 74 24
29 105 92
75 77 56
76 106 75
77 78 80
78 79 66
79 80 100
80 81 83
81 82 39
82 83 11
83 84 78
84 85 100
85 86 84
86 87 94
87 88 7
88 89 61
89 90 56
90 91 30
91 92 22
92 93 64
93 94 43
94 95 10
95 96 38
96 97 60
97 98 65
98 99 84
99 100 66
100 101 4
101 102 62
102 103 16
103 104 10
104 105 18
105 106 78
106 107 94
107 108 29
108 109 33
109 110 97
110 111 61
111 112 82
112 113 56
77 113 77
111 148 54
114 115 14
114 116 71
114 117 86
114 118 99
114 119 10
114 120 82
114 121 10
114 122 68
114 123 63
114 124 69
114 125 82
114 126 91
114 127 82
114 128 52
114 129 75
114 130 81
115 131 9
115 132 85
115 133 34
115 134 80
115 135 59
115 136 75
115 137 73
115 138 27
115 139 74
115 140 99
115 141 99
115 142 58
115 143 40
115 144 42
115 145 43
115 146 53
116 147 50
116 148 44
116 149 83
116 150 28
116 151 46
116 152 23
116 153 96
56 166 87
154 156 11
155 161 56
156 157 91
157 158 35
158 159 58
159 160 70
160 161 51
161 162 77
162 163 78
163 164 86
164 165 44
165 166 8
166 167 35
167 168 76
168 169 21
169 170 87
170 171 46
171 172 50
172 173 5
173 174 55
174 175 9
175 176 40
176 177 45
177 178 32
178 179 3
179 180 57
180 181 82
181 182 18
182 183 28
156 183 61
38 211 37
184 186 38
185 186 91
186 187 13
187 188 6
188 189 66
189 190 61
190 191 23
191 192 67
192 193 1
193 194 53
194 195 73
195 196 91
196 197 4
197 198 42
198 199 51
199 200 60
200 201 15
201 202 5
202 203 35
203 204 49
204 205 39
205 206 35
206 207 16
207 208 1
208 209 26
209 210 80
210 211 18
211 212 22
212 213 2
213 214 64
214 215 50
215 216 43
216 217 91
217 218 11
218 219 45
186 219 52
23 248 45
220 221 100
220 222 50
220 223 51
220 224 50
220 225 83
220 226 17
220 227 66
220 228 59
220 229 25
220 230 19
220 231 54
221 232 68
221 233 74
221 234 51
221 235 89
221 236 66
221 237 49
221 238 48
221 239 66
221 240 67
221 241 27
221 242 65
222 243 7
222 244 15
222 245 32
222 246 11
222 247 15
222 248 60
222 249 64
222 250 25
222 251 79
222 252 29
222 253 67
223 254 35
223 255 51
167 291 15
256 258 66
257 258 52
258 259 30
259 260 4
260 261 99
261 262 71
262 263 34
263 264 72
264 265 45
265 266 80
266 267 10
267 268 29
268 269 96
269 270 89
270 271 47
271 272 10
272 273 51
273 274 12
274 275 71
275 276 63
276 277 80
277 278 57
278 279 91
279 280 2
280 281 46
281 282 65
282 283 44
283 284 69
284 285 75
285 286 38
286 287 63
287 288 75
288 289 16
289 290 63
290 291 30
291 292 74
292 293 9
293 294 38
258 294 50
14 308 43
295 296 63
295 297 83
295 298 27
295 299 43
295 300 10
295 301 87
295 302 51
295 303 17
295 304 37
295 305 8
295 306 32
295 307 41
295 308 10
295 309 87
295 310 55
296 311 48
296 312 68
296 313 21
296 314 6
296 315 22
296 316 60
296 317 2
296 318 89
296 319 54
296 320 70
296 321 99
296 322 84
296 323 31
296 324 48
296 325 76
297 326 50
297 327 5
297 328 46
297 329 27
297 330 24
297 331 21
297 332 83
166 333 29
333 335 56
334 335 33
335 336 58
336 337 23
337 338 14
338 339 46
339 340 89
340 341 10
341 342 45
342 343 20
343 344 99
344 345 5
345 346 67
346 347 15
347 348 1
348 349 43
349 350 69
350 351 28
351 352 11
352 353 36
353 354 66
335 354 36
89 389 90
355 357 66
356 357 24
357 358 14
358 359 7
359 360 70
360 361 63
361 362 84
362 363 83
363 364 100
364 365 35
365 366 53
366 367 17
367 368 86
368 369 77
369 370 22
370 371 49
371 372 98
372 373 59
373 374 72
374 375 89
375 376 10
376 377 31
377 378 41
378 379 42
379 380 15
380 381 63
381 382 40
382 383 76
383 384 51
384 385 98
385 386 33
386 387 56
387 388 68
388 389 86
389 390 71
390 391 21
391 392 52
392 393 25
357 393 24
67
18 439
147 388
274 381
79 391
117 502
252 582
143 653
206 183
185 267
116 690
65 511
11 2
56 402
365 344
28 136
215 423
27 518
133 649
248 222
58 385
157 482
306 63
236 749
239 880
9 408
215 256
159 467
288 938
5 991
294 282
370 219
43 157
179 127
270 919
371 218
182 985
148 397
339 502
292 753
283 521
234 390
137 452
156 959
257 817
155 95
277 571
165 150
88 886
252 368
325 473
268 162
48 22
230 171
302 585
354 130
340 927
253 37
176 195
194 165
134 46
21 79
38 61
185 124
127 774
67 70
38 440
198 177
