621 633
1 3 5
2 26 3
3 4 2
4 5 5
5 6 1
6 7 5
7 8 3
8 9 4
9 10 5
10 11 2
11 12 2
12 13 4
13 14 3
14 15 3
15 16 4
16 17 3
17 18 2
18 19 3
19 20 2
20 21 2
21 22 3
22 23 1
23 24 1
24 25 5
25 26 5
26 27 3
27 28 3
28 29 4
29 30 5
30 31 4
31 32 2
32 33 4
33 34 5
34 35 4
35 36 5
36 37 5
3 37 3
29 68 73
38 40 5
39 61 5
40 41 1
41 42 5
42 43 2
43 44 3
44 45 4
45 46 3
46 47 5
47 48 3
48 49 5
49 50 5
50 51 1
51 52 2
52 53 2
53 54 1
54 55 2
55 56 4
56 57 4
57 58 5
58 59 4
59 60 3
60 61 4
61 62 4
62 63 3
63 64 2
64 65 3
65 66 3
66 67 5
67 68 1
68 69 3
69 70 3
70 71 3
40 71 3
2 75 9
72 73 5
72 74 3
72 75 5
72 76 3
72 77 1
72 78 2
72 79 1
72 80 4
72 81 2
72 82 2
73 83 2
73 84 4
73 85 3
73 86 2
73 87 1
73 88 3
73 89 1
73 90 5
73 91 4
73 92 2
74 93 5
74 94 2
74 95 4
74 96 1
6 113 41
97 99 3
98 105 3
99 100 2
100 101 1
101 102 2
102 103 2
103 104 5
104 105 5
105 106 1
106 107 2
107 108 5
108 109 2
109 110 5
110 111 5
111 112 3
112 113 3
113 114 2
114 115 3
115 116 5
116 117 4
117 118 4
118 119 2
99 119 3
112 144 74
120 121 5
120 122 1
120 123 5
120 124 3
120 125 4
120 126 3
120 127 4
120 128 3
120 129 1
120 130 3
120 131 3
120 132 4
121 133 5
121 134 3
121 135 5
121 136 3
121 137 2
121 138 4
121 139 4
121 140 3
121 141 5
121 142 1
121 143 5
121 144 1
122 145 3
109 150 58
146 147 2
146 148 1
146 149 1
147 150 3
147 151 4
147 152 1
148 153 5
148 154 4
148 155 1
149 156 5
149 157 3
149 158 4
150 159 3
150 160 3
150 161 3
151 162 1
151 163 1
151 164 1
152 165 2
152 166 3
152 167 1
153 168 2
153 169 1
153 170 4
154 171 4
154 172 1
64 174 1
173 175 5
174 175 1
175 176 2
176 177 3
177 178 3
178 179 3
179 180 3
180 181 4
181 182 2
182 183 4
183 184 4
184 185 3
185 186 2
186 187 1
187 188 3
188 189 5
189 190 4
190 191 4
191 192 2
192 193 3
193 194 1
194 195 3
175 195 4
5 217 43
196 197 4
196 198 5
196 199 4
196 200 1
196 201 4
196 202 1
196 203 4
196 204 4
196 205 5
196 206 1
196 207 1
196 208 1
196 209 5
196 210 1
196 211 4
196 212 3
196 213 4
196 214 3
197 215 5
197 216 4
197 217 5
197 218 5
197 219 3
197 220 2
197 221 4
197 222 4
197 223 2
197 224 3
197 225 1
197 226 5
197 227 2
197 228 3
197 229 3
75 249 100
230 232 5
231 232 2
232 233 1
233 234 4
234 235 2
235 236 3
236 237 2
237 238 5
238 239 1
239 240 4
240 241 5
241 242 1
242 243 4
243 244 3
244 245 3
245 246 3
246 247 3
247 248 4
248 249 1
249 250 3
250 251 5
251 252 5
232 252 2
138 264 40
253 255 1
254 260 1
255 256 1
256 257 2
257 258 4
258 259 1
259 260 1
260 261 5
261 262 1
262 263 3
263 264 5
264 265 5
265 266 4
266 267 5
267 268 3
268 269 3
269 270 1
270 271 3
271 272 4
272 273 3
273 274 3
274 275 5
275 276 5
276 277 3
277 278 5
278 279 3
279 280 2
280 281 1
281 282 3
282 283 4
283 284 5
284 285 3
285 286 1
286 287 1
287 288 3
288 289 3
289 290 3
290 291 4
291 292 2
255 292 3
222 297 61
293 295 1
294 295 3
295 296 1
296 297 1
297 298 5
298 299 2
299 300 1
300 301 5
301 302 5
302 303 4
303 304 4
304 305 1
305 306 5
306 307 3
307 308 2
308 309 2
309 310 2
310 311 1
311 312 4
312 313 3
313 314 2
314 315 5
315 316 4
316 317 4
317 318 5
318 319 5
319 320 1
320 321 5
295 321 4
12 342 23
322 323 2
322 324 5
322 325 1
322 326 3
322 327 3
322 328 5
322 329 1
322 330 3
322 331 3
322 332 1
322 333 2
322 334 5
323 335 2
323 336 2
323 337 4
323 338 3
323 339 5
323 340 3
323 341 1
323 342 3
323 343 5
323 344 4
323 345 1
324 369 18
346 348 1
347 353 2
348 349 1
349 350 1
350 351 2
351 352 1
352 353 3
353 354 5
354 355 1
355 356 4
356 357 3
357 358 5
358 359 4
359 360 5
360 361 4
361 362 1
362 363 3
363 364 4
364 365 5
365 366 5
366 367 2
367 368 4
368 369 4
369 370 5
370 371 3
348 371 3
35 389 25
372 373 1
372 374 4
372 375 3
372 376 4
372 377 3
372 378 2
372 379 5
372 380 3
372 381 5
372 382 5
373 383 3
373 384 1
373 385 4
373 386 2
373 387 2
373 388 5
373 389 3
373 390 2
373 391 1
373 392 2
374 393 3
374 394 4
374 395 3
374 396 5
374 397 4
374 398 4
374 399 5
374 400 4
374 401 3
374 402 4
375 403 2
375 404 5
375 405 2
375 406 3
375 407 1
365 440 23
408 410 1
409 410 3
410 411 5
411 412 1
412 413 1
413 414 2
414 415 3
415 416 5
416 417 1
417 418 2
418 419 5
419 420 2
420 421 2
421 422 2
422 423 4
423 424 3
424 425 3
425 426 3
426 427 1
427 428 5
428 429 1
429 430 4
430 431 5
431 432 1
432 433 5
433 434 5
434 435 5
435 436 4
436 437 4
437 438 1
438 439 4
439 440 4
440 441 5
441 442 5
410 442 1
50 454 42
443 445 1
444 473 3
445 446 3
446 447 4
447 448 4
448 449 5
449 450 3
450 451 3
451 452 1
452 453 5
453 454 3
454 455 4
455 456 2
456 457 3
457 458 4
458 459 1
459 460 1
460 461 2
461 462 5
462 463 2
463 464 4
464 465 3
465 466 1
466 467 5
467 468 2
468 469 1
469 470 3
470 471 1
471 472 4
472 473 2
473 474 3
474 475 2
475 476 4
476 477 1
445 477 1
9 484 16
478 480 1
479 498 1
480 481 4
481 482 2
482 483 1
483 484 4
484 485 5
485 486 1
486 487 5
487 488 3
488 489 1
489 490 1
490 491 2
491 492 2
492 493 5
493 494 1
494 495 1
495 496 3
496 497 5
497 498 5
498 499 2
499 500 5
500 501 5
501 502 3
502 503 2
480 503 3
124 520 55
504 505 2
504 506 1
504 507 5
504 508 2
504 509 4
504 510 1
504 511 2
504 512 3
504 513 2
504 514 5
504 515 1
504 516 3
504 517 5
504 518 2
504 519 5
505 520 4
505 521 2
505 522 4
505 523 5
505 524 3
505 525 5
505 526 4
505 527 4
505 528 3
505 529 3
505 530 2
505 531 5
505 532 1
505 533 5
505 534 1
27 557 6
535 537 2
536 564 1
537 538 2
538 539 5
539 540 2
540 541 3
541 542 1
542 543 3
543 544 5
544 545 3
545 546 4
546 547 2
547 548 2
548 549 4
549 550 2
550 551 2
551 552 5
552 553 1
553 554 5
554 555 2
555 556 1
556 557 5
557 558 2
558 559 2
559 560 3
560 561 3
561 562 2
562 563 5
563 564 2
564 565 2
565 566 1
566 567 2
537 567 1
85 580 70
568 569 5
568 570 4
568 571 5
568 572 3
568 573 2
568 574 4
568 575 4
568 576 1
568 577 5
568 578 1
569 579 5
569 580 3
569 581 3
569 582 2
569 583 4
569 584 4
569 585 3
569 586 2
569 587 4
569 588 5
570 589 4
257 603 88
590 592 1
591 611 4
592 593 2
593 594 1
594 595 3
595 596 1
596 597 3
597 598 5
598 599 2
599 600 3
600 601 2
601 602 1
602 603 5
603 604 1
604 605 4
605 606 1
606 607 3
607 608 4
608 609 4
609 610 3
610 611 3
611 612 3
612 613 1
613 614 4
614 615 2
615 616 3
616 617 5
617 618 5
618 619 5
619 620 1
620 621 2
592 621 1
63
303 281
147 239
132 377
491 339
587 91
599 292
403 302
416 51
114 286
93 272
395 135
594 401
398 7
168 269
455 45
5 250
439 184
522 197
34 79
237 337
289 27
595 269
425 431
273 69
72 306
347 119
49 464
19 226
307 291
378 365
184 204
331 245
14 81
83 186
609 108
290 323
446 258
166 230
105 187
54 147
146 408
509 171
196 88
605 380
314 76
453 456
333 116
144 169
365 331
456 411
74 156
349 62
544 428
105 462
220 101
528 205
223 271
114 228
284 31
612 165
583 146
158 348
70 365
