618 631
1 3 3
2 24 94
3 4 56
4 5 59
5 6 12
6 7 32
7 8 5
8 9 91
9 10 19
10 11 57
11 12 53
12 13 50
13 14 25
14 15 55
15 16 97
16 17 61
17 18 23
18 19 62
19 20 78
20 21 15
21 22 39
22 23 66
23 24 89
24 25 74
25 26 82
26 27 57
27 28 66
28 29 41
29 30 42
30 31 21
31 32 13
32 33 80
33 34 61
3 34 6
19 41 94
35 37 94
36 52 9
37 38 29
38 39 39
39 40 88
40 41 46
41 42 12
42 43 19
43 44 68
44 45 66
45 46 10
46 47 22
47 48 83
48 49 14
49 50 45
50 51 49
51 52 38
52 53 60
53 54 17
54 55 85
55 56 85
37 56 43
21 74 63
57 59 45
58 90 63
59 60 22
60 61 85
61 62 75
62 63 59
63 64 72
64 65 46
65 66 29
66 67 3
67 68 30
68 69 71
69 70 56
70 71 11
71 72 60
72 73 82
73 74 73
74 75 99
75 76 51
76 77 38
77 78 51
78 79 74
79 80 76
80 81 30
81 82 60
82 83 33
83 84 68
84 85 39
85 86 35
86 87 17
87 88 67
88 89 32
89 90 91
90 91 86
91 92 44
92 93 35
93 94 53
94 95 68
59 95 68
83 110 29
96 98 5
97 98 83
98 99 28
99 100 2
100 101 20
101 102 17
102 103 11
103 104 5
104 105 78
105 106 91
106 107 70
107 108 67
108 109 6
109 110 1
110 111 77
111 112 17
112 113 49
113 114 76
114 115 29
115 116 62
116 117 68
117 118 69
118 119 61
119 120 94
98 120 66
26 146 56
121 123 33
122 132 21
123 124 56
124 125 49
125 126 89
126 127 57
127 128 93
128 129 11
129 130 63
130 131 21
131 132 95
132 133 75
133 134 23
134 135 64
135 136 57
136 137 87
137 138 25
138 139 100
139 140 38
140 141 28
141 142 94
142 143 50
143 144 36
144 145 66
145 146 76
146 147 91
123 147 41
137 153 16
148 150 24
149 173 32
150 151 30
151 152 86
152 153 54
153 154 43
154 155 60
155 156 72
156 157 96
157 158 4
158 159 6
159 160 48
160 161 75
161 162 61
162 163 40
163 164 8
164 165 83
165 166 4
166 167 45
167 168 84
168 169 43
169 170 30
170 171 19
171 172 73
172 173 44
173 174 57
174 175 29
175 176 36
176 177 96
177 178 4
178 179 5
179 180 35
150 180 6
161 198 97
181 183 90
182 183 71
183 184 87
184 185 65
185 186 25
186 187 95
187 188 57
188 189 32
189 190 14
190 191 13
191 192 85
192 193 79
193 194 97
194 195 64
195 196 91
196 197 5
197 198 21
198 199 94
199 200 43
200 201 85
201 202 29
202 203 1
203 204 50
204 205 73
205 206 17
206 207 39
207 208 15
208 209 2
183 209 37
60 228 46
210 211 41
210 212 64
210 213 77
210 214 70
210 215 71
210 216 66
210 217 53
210 218 76
211 219 65
211 220 92
211 221 27
211 222 11
211 223 16
211 224 61
211 225 77
211 226 94
212 227 42
212 228 19
212 229 19
212 230 59
212 231 43
140 232 37
232 233 69
232 234 3
232 235 98
232 236 47
232 237 58
232 238 8
232 239 97
232 240 80
232 241 67
232 242 41
232 243 41
232 244 20
232 245 21
232 246 88
232 247 40
232 248 40
232 249 69
232 250 92
233 251 89
233 252 65
233 253 93
233 254 14
233 255 67
233 256 39
233 257 69
233 258 68
233 259 21
233 260 90
233 261 64
233 262 25
233 263 40
233 264 89
197 293 50
265 266 53
265 267 88
265 268 50
265 269 11
265 270 85
265 271 78
265 272 23
265 273 55
265 274 64
265 275 27
265 276 75
265 277 83
265 278 12
265 279 54
265 280 95
266 281 86
266 282 8
266 283 99
266 284 3
266 285 28
266 286 1
266 287 70
266 288 42
266 289 10
266 290 8
266 291 52
266 292 22
266 293 11
266 294 33
266 295 90
267 296 5
267 297 49
267 298 85
267 299 93
267 300 26
267 301 60
90 310 87
302 304 2
303 305 79
304 305 36
305 306 45
306 307 11
307 308 48
308 309 41
309 310 51
310 311 51
311 312 24
312 313 55
313 314 19
314 315 44
315 316 46
316 317 6
317 318 29
318 319 82
319 320 49
320 321 99
321 322 69
322 323 77
323 324 20
324 325 61
325 326 33
326 327 53
304 327 9
244 358 22
328 330 24
329 330 19
330 331 78
331 332 41
332 333 4
333 334 56
334 335 80
335 336 39
336 337 69
337 338 45
338 339 93
339 340 17
340 341 9
341 342 74
342 343 92
343 344 19
344 345 17
345 346 47
346 347 53
347 348 46
348 349 98
349 350 94
350 351 86
351 352 66
352 353 43
353 354 28
354 355 34
355 356 6
356 357 4
357 358 49
358 359 84
359 360 55
360 361 65
361 362 57
362 363 95
363 364 99
364 365 42
365 366 2
330 366 45
170 385 32
367 369 13
368 373 57
369 370 78
370 371 8
371 372 33
372 373 58
373 374 84
374 375 74
375 376 8
376 377 80
377 378 78
378 379 92
379 380 7
380 381 91
381 382 45
382 383 26
383 384 83
384 385 99
385 386 100
369 386 83
281 416 57
387 389 36
388 389 83
389 390 58
390 391 48
391 392 55
392 393 25
393 394 67
394 395 86
395 396 76
396 397 67
397 398 7
398 399 72
399 400 6
400 401 53
401 402 53
402 403 38
403 404 88
404 405 4
405 406 10
406 407 100
407 408 67
408 409 55
409 410 56
410 411 53
411 412 41
412 413 37
413 414 78
414 415 61
415 416 10
389 416 74
285 437 89
417 419 35
418 419 9
419 420 52
420 421 76
421 422 67
422 423 98
423 424 19
424 425 51
425 426 28
426 427 85
427 428 11
428 429 12
429 430 8
430 431 63
431 432 35
432 433 61
433 434 97
434 435 51
435 436 22
436 437 63
437 438 77
438 439 15
439 440 13
440 441 6
441 442 40
442 443 53
443 444 58
419 444 54
302 458 78
445 447 95
446 459 78
447 448 13
448 449 51
449 450 82
450 451 73
451 452 69
452 453 76
453 454 36
454 455 64
455 456 74
456 457 21
457 458 33
458 459 71
459 460 97
460 461 46
461 462 91
462 463 51
463 464 48
464 465 85
465 466 98
447 466 69
457 483 6
467 469 73
468 469 86
469 470 24
470 471 31
471 472 43
472 473 19
473 474 26
474 475 45
475 476 40
476 477 98
477 478 4
478 479 10
479 480 84
480 481 15
481 482 46
482 483 29
483 484 5
484 485 11
485 486 71
486 487 71
487 488 4
488 489 80
489 490 64
490 491 61
491 492 83
492 493 24
493 494 84
494 495 8
495 496 2
496 497 52
497 498 36
498 499 55
499 500 26
469 500 77
431 514 27
501 502 5
501 503 77
501 504 62
501 505 86
501 506 55
501 507 32
501 508 23
501 509 9
501 510 77
501 511 31
501 512 12
501 513 49
501 514 44
501 515 99
501 516 28
502 517 38
502 518 62
502 519 43
502 520 42
502 521 98
502 522 71
502 523 2
502 524 23
502 525 61
502 526 68
502 527 36
415 542 64
528 529 81
528 530 3
528 531 94
528 532 83
528 533 12
528 534 47
528 535 9
528 536 27
528 537 21
528 538 73
528 539 34
528 540 41
529 541 83
529 542 77
529 543 11
529 544 83
529 545 61
529 546 21
529 547 18
529 548 17
529 549 19
529 550 64
529 551 70
529 552 71
530 553 66
530 554 9
530 555 49
530 556 95
530 557 77
530 558 43
407 577 88
559 560 53
559 561 98
559 562 76
559 563 79
559 564 29
559 565 99
559 566 17
559 567 79
559 568 32
559 569 85
559 570 14
559 571 84
559 572 69
559 573 13
559 574 24
559 575 37
559 576 1
559 577 54
560 578 84
560 579 65
560 580 67
560 581 96
560 582 17
501 606 61
583 584 58
583 585 80
583 586 15
583 587 62
583 588 68
583 589 22
583 590 94
583 591 87
583 592 98
583 593 65
583 594 20
583 595 65
583 596 18
584 597 93
584 598 19
584 599 57
584 600 2
584 601 26
584 602 16
584 603 71
584 604 5
584 605 49
584 606 52
584 607 97
584 608 63
584 609 71
585 610 35
585 611 24
585 612 86
585 613 8
585 614 65
585 615 25
585 616 29
585 617 95
585 618 95
73
476 143
594 435
428 184
607 494
239 191
496 92
283 114
160 195
523 190
281 81
558 372
618 121
435 440
455 30
210 427
204 268
517 34
168 32
127 70
188 460
481 468
310 260
132 64
146 121
222 251
122 455
208 304
99 139
335 409
131 154
121 53
382 482
139 188
134 340
266 22
278 428
195 354
451 429
51 350
137 174
604 98
349 458
474 100
606 416
525 418
488 385
505 204
423 399
399 262
22 500
433 405
89 471
42 92
296 367
85 323
310 485
184 149
363 403
461 394
517 257
253 342
114 433
584 191
391 402
349 298
76 42
416 416
448 42
449 371
391 387
484 107
455 329
229 389
