51 56
1 3 70
2 4 8
3 4 14
4 5 61
5 6 79
6 7 45
7 8 79
3 8 25
3 11 12
9 11 33
10 15 5
11 12 25
12 13 89
13 14 59
14 15 46
11 15 51
11 18 86
16 18 71
17 18 79
18 19 83
19 20 12
20 21 90
21 22 53
22 23 22
18 23 100
8 31 21
24 26 40
25 28 49
26 27 56
27 28 97
28 29 37
29 30 16
30 31 63
31 32 51
32 33 23
26 33 70
16 41 8
34 36 16
35 36 45
36 37 24
37 38 42
38 39 51
39 40 78
40 41 69
41 42 33
42 43 63
36 43 36
11 47 33
44 46 27
45 51 69
46 47 63
47 48 44
48 49 44
49 50 44
50 51 74
46 51 12
32
41 20
42 30
25 37
33 17
20 34
27 18
22 37
48 32
49 20
13 15
21 26
2 21
40 10
30 23
2 33
12 24
46 35
18 25
48 32
6 26
49 25
22 11
26 21
47 21
7 25
14 13
2 12
47 12
18 11
26 27
35 35
16 29
