50 54
1 3 4
2 4 1
3 4 3
4 5 2
5 6 3
6 7 4
7 8 3
8 9 3
9 10 4
3 10 2
9 15 64
11 12 2
11 13 4
11 14 4
11 15 3
12 16 5
4 17 8
17 19 1
18 22 2
19 20 1
20 21 2
21 22 4
19 22 4
14 28 38
23 25 1
24 30 3
25 26 2
26 27 4
27 28 4
28 29 3
29 30 4
30 31 5
25 31 4
26 39 6
32 34 4
33 36 2
34 35 1
35 36 5
36 37 4
37 38 1
38 39 4
39 40 4
40 41 4
34 41 4
1 44 10
42 44 5
43 45 1
44 45 5
45 46 1
46 47 4
47 48 1
48 49 5
49 50 3
44 50 4
30
24 40
26 14
11 13
34 23
1 13
27 28
43 27
19 16
34 34
32 36
33 23
44 35
39 39
49 22
39 29
5 13
32 15
43 29
6 18
20 12
25 29
28 16
44 30
9 40
6 18
45 17
22 29
16 33
32 34
25 38
