91 97
1 3 2
2 7 1
3 4 5
4 5 2
5 6 4
6 7 3
7 8 1
8 9 1
9 10 2
3 10 1
1 11 30
11 13 4
12 14 4
13 14 4
14 15 3
15 16 2
16 17 2
13 17 5
9 26 50
18 20 5
19 20 2
20 21 5
21 22 3
22 23 4
23 24 2
24 25 1
25 26 3
26 27 3
20 27 3
20 33 17
28 29 2
28 30 1
28 31 4
28 32 3
29 33 5
29 34 3
29 35 4
29 36 4
14 44 7
37 38 2
37 39 2
37 40 5
37 41 2
38 42 5
38 43 1
38 44 1
38 51 91
45 47 1
46 47 4
47 48 3
48 49 4
49 50 1
50 51 2
51 52 4
47 52 4
3 53 94
53 55 1
54 60 4
55 56 1
56 57 4
57 58 1
58 59 4
59 60 4
60 61 2
55 61 4
43 68 44
62 63 1
62 64 3
62 65 1
62 66 1
62 67 1
63 68 1
63 69 2
63 70 2
44 77 29
71 73 5
72 78 1
73 74 5
74 75 4
75 76 1
76 77 1
77 78 4
78 79 4
73 79 3
34 82 97
80 81 3
80 82 1
80 83 3
81 84 3
36 87 32
85 87 4
86 90 1
87 88 4
88 89 3
89 90 3
90 91 3
87 91 2
64
1 380
37 295
40 266
19 425
48 400
62 295
63 186
17 452
44 385
49 42
39 387
81 307
21 299
58 305
46 405
77 318
84 275
24 358
90 366
48 206
22 228
10 364
18 105
36 495
15 459
83 370
89 339
72 451
8 205
10 326
68 150
16 249
89 139
11 478
32 413
75 205
36 237
36 453
34 261
48 359
30 137
20 164
50 301
39 265
5 237
75 49
55 413
19 269
15 96
77 429
35 479
40 293
62 61
61 272
70 269
62 437
45 445
37 461
52 157
76 162
43 294
54 41
39 34
65 208
