150 166
1 3 63
2 7 95
3 4 14
4 5 40
5 6 44
6 7 16
3 7 23
6 10 82
8 10 94
9 13 51
10 11 50
11 12 13
12 13 46
10 13 15
3 14 40
14 15 16
14 16 11
14 17 34
15 18 94
10 26 50
19 21 6
20 21 15
21 22 13
22 23 57
23 24 7
24 25 3
25 26 6
21 26 86
9 28 96
27 28 19
27 29 55
27 30 64
27 31 56
27 32 58
28 33 54
28 34 47
28 35 28
28 36 67
8 41 34
37 39 91
38 39 86
39 40 8
40 41 95
41 42 82
42 43 57
43 44 48
39 44 83
34 46 51
45 47 89
46 51 57
47 48 9
48 49 70
49 50 14
50 51 37
51 52 8
47 52 30
16 53 43
53 55 50
54 55 95
55 56 36
56 57 15
57 58 71
55 58 2
7 64 99
59 61 10
60 64 9
61 62 43
62 63 44
63 64 60
64 65 91
61 65 12
64 71 33
66 68 83
67 69 30
68 69 7
69 70 16
70 71 44
68 71 91
60 74 16
72 73 82
72 74 25
72 75 97
73 76 64
73 77 94
73 78 11
74 79 13
63 81 38
80 81 48
80 82 59
80 83 26
80 84 55
53 88 81
85 87 20
86 87 75
87 88 62
88 89 31
89 90 17
90 91 27
87 91 78
20 95 81
92 94 70
93 95 87
94 95 61
95 96 88
96 97 98
97 98 94
94 98 67
63 100 45
99 101 11
100 104 17
101 102 24
102 103 7
103 104 61
101 104 23
14 109 64
105 107 1
106 108 93
107 108 19
108 109 19
109 110 25
110 111 82
111 112 33
107 112 16
48 114 73
113 115 52
114 119 49
115 116 46
116 117 78
117 118 6
118 119 63
119 120 26
120 121 65
121 122 24
115 122 62
51 126 43
123 125 69
124 129 89
125 126 76
126 127 34
127 128 8
128 129 39
129 130 41
130 131 68
131 132 61
125 132 32
81 133 24
133 135 8
134 136 43
135 136 54
136 137 21
135 137 71
4 143 52
138 140 48
139 144 29
140 141 47
141 142 40
142 143 8
143 144 36
144 145 41
140 145 1
40 147 72
146 148 100
147 148 79
148 149 30
149 150 5
148 150 95
70
39 299
83 73
15 128
52 9
8 246
19 194
83 40
130 63
125 172
56 184
119 19
47 400
28 67
8 418
6 271
84 315
20 333
107 433
16 434
32 146
73 210
75 353
142 485
96 7
143 248
26 117
21 268
143 104
23 492
33 71
94 471
120 219
66 83
145 415
147 126
108 113
142 208
93 9
24 77
116 402
124 386
132 160
40 131
145 74
137 69
132 133
124 350
104 438
60 77
64 413
20 177
26 182
92 370
42 159
131 421
35 111
104 195
31 108
149 134
109 446
78 332
5 347
73 221
110 74
117 13
38 259
10 232
92 286
25 417
3 55
